850947
11539
8379
11228
7087
9007
7837
7206
7957
6317
5875
6925
12246
5948
6143
6304
5560
6220
5783
5006
4095
6456
4398
5728
5668
4758
4453
3624
5339
4991
4298
5872
4060
3062
3442
3741
4212
3629
3579
5077
2950
3627
5369
3403
3517
3698
3750
4139
3218
3646
4309
4013
4369
3248
6489
4111
4360
3327
3776
3092
4556
3726
3906
4724
3891
2756
2670
3047
3390
2599
2594
2923
2868
3105
2523
3425
4098
3459
3263
3464
3243
2691
3128
2719
2724
3498
3279
2549
2508
2752
3854
2476
2420
2843
3470
5152
4604
2659
3057
2056
2510
2412
3047
2757
2191
2475
2368
2608
2317
2155
4167
2685
2558
2444
2536
2507
2559
2512
2440
2413
2424
2852
2457
2357
2916
2488
3429
5153
3164
2986
3346
3279
2619
3266
3195
4375
3418
3280
3603
4125
3182
2577
3376
2375
3181
4131
2866
2374
2491
2490
2195
2895
2129
3141
2326
3068
2364
2357
2750
4163
2546
2026
2368
2095
2653
2426
2606
4198
2527
2556
3173
2530
2148
2156
2376
1891
1973
2000
1758
2352
2053
1881
2168
2137
1737
2455
2066
1710
2037
2139
1588
3401
2544
1909
2019
2159
2301
2107
2165
2200
2740
3110
2188
2662
2750
3089
2542
2768
2601
3018
4734
3624
2697
3059
2934
3824
3515
3204
2432
3126
2394
3363
2227
2832
3528
5461
2902
3027
2669
2748
2380
2424
2425
2089
2443
1936
1646
2198
2173
1688
2398
1771
1541
3146
2216
1958
2264
1940
2550
2131
2105
2086
1881
1829
2335
3196
3303
1911
1737
1880
1924
1875
2946
2396
2479
2249
1923
2700
2407
2250
2386
2146
2557
2272
2828
2387
2303
2351
2277
3355
2579
3660
2039
3699
2495
2545
2592
1911
2631
2027
2489
2336
2514
2688
1818
1754
2502
1957
2294
2332
2003
2630
2241
2331
2302
1705
1824
1963
1811
2222
2593
2253
1776
2261
1631
1537
1937
1638
1604
2077
2366
2317
2321
1908
1607
2153
1751
1590
2153
1761
1664
1619
1714
1895
1703
1801
1717
2023
2041
1919
1385
3926
2293
4158
2083
2389
2295
2958
2322
2968
2178
2261
2387
2261
2064
2780
2310
2884
2177
2530
2262
1851
1805
1929
1844
2015
1886
1581
1684
1934
1850
1567
2117
1935
1490
1323
2332
1581
1362
2102
2563
1903
2325
2441
2367
2080
2358
2051
1703
1377
1682
1752
1576
1443
1988
1630
1577
2123
1652
1391
1645
1852
3030
2195
1819
1918
2034
2344
1588
1678
1871
1594
1282
2070
2238
2138
2752
1815
1665
2209
1905
1730
2307
1870
1547
1688
2169
2134
2041
1945
1652
2361
2092
2052
2637
2863
2832
2178
2721
2483
2124
2369
2735
1891
3858
2192
2630
2502
3474
1979
2189
2268
1503
1664
2239
1834
1664
1967
1843
2086
2109
1469
1455
1370
3758
1954
2208
1926
1801
2080
2427
2142
2071
1492
1402
1605
1488
1368
1365
1495
1607
1525
1781
1840
1359
1236
1608
1842
1458
1645
1927
1660
1634
1713
1715
1397
1519
1656
1801
1397
1243
1452
1668
1519
1053
1338
1841
1487
1378
1652
2018
7539
2551
2382
1712
1322
2315
2304
1569
2086
1576
1835
1398
2425
3734
2147
1579
1163
1395
1866
1274
1271
1903
1643
1318
1280
1639
1340
1470
1200
1882
1800
1416
1291
1724
1547
1286
1144
1484
1644
1208
1071
1367
1383
1459
1181
1091
1693
1251
1347
1420
1722
1179
1555
1225
3016
2008
1902
1877
1492
1690
1871
1766
1895
2333
2379
2150
2279
1566
1607
2216
1899
1935
2607
1755
1617
2330
3629
2393
1475
1113
1930
1748
1501
1442
1975
1645
1582
1358
1783
1271
1593
1173
1849
1789
1600
2004
1744
1636
1576
1947
1833
1855
1994
1714
2394
1972
1485
1595
2112
2457
1215
1220
2021
1277
1131
1183
1643
1383
1185
1217
1475
1356
1741
1692
1672
1506
1414
1658
2835
1816
1699
1765
1356
1131
1150
1164
1357
1255
1217
1273
1406
1201
1248
1978
1834
1414
1207
1925
1544
1249
1093
3353
1481
1233
2431
1581
1508
1246
1607
1540
1563
1902
1768
1542
1517
2509
1927
1752
2023
1520
1322
1570
1770
2143
1685
1797
1678
1489
1915
1356
1098
1082
2078
1408
1074
1047
1248
1567
1241
989
1151
1498
1627
1289
1060
1105
1750
1182
1017
1042
1276
1401
1372
1337
1492
1289
1114
1367
1535
1664
1615
1638
2111
1812
1674
1674
1729
1487
1480
1719
1389
1179
1228
1482
1463
1115
1092
1138
3375
1427
1151
1317
1058
1068
1084
1095
1324
1256
1155
1123
1040
1287
1349
1103
974
1281
1603
1671
1533
2542
1372
1999
1709
1477
1338
1160
3324
1737
1707
1694
1644
1201
1140
1417
1264
993
4112
2081
1295
1572
1790
1544
1289
2383
1442
1386
1631
2241
1749
1579
1634
1311
1480
1483
1819
1416
1193
1323
1687
1414
1164
1037
1319
1539
1117
1106
1719
1554
1215
1058
1356
1816
1397
3124
1875
1324
1147
1010
1290
1122
1073
1077
938
1231
1383
1198
1101
955
1541
1257
1192
1064
2475
1616
1281
1665
1786
1238
1068
1376
1373
1185
1042
1445
1623
1441
1198
1016
1217
1507
1333
1051
945
1160
1560
1131
977
932
1032
1843
1221
1064
1015
1259
1419
1433
1351
1691
1275
1108
1318
1156
1501
1401
1529
1243
1472
1322
1055
1054
1534
1514
1332
1229
1374
1374
1316
1107
990
3229
1328
1248
1091
1226
1975
2523
3594
1446
1692
1616
1578
1282
2051
2244
1649
1773
2046
1819
2630
1982
1921
2292
1892
2008
2003
2104
2104
1788
1724
1502
2124
1848
1626
2100
1683
1573
1701
2019
1954
2263
2006
2973
1773
1391
1513
1335
1580
1125
930
1381
1560
1276
1105
1020
1194
1545
1319
1055
944
1107
1629
1164
1035
923
1011
1449
1507
1278
1323
1655
1188
931
1020
1212
1010
1153
995
1099
1034
1257
1064
1125
853
1005
1295
1098
957
1230
1301
1483
1004
3137
1599
1441
1345
1663
1907
1290
1099
1130
1431
1697
1267
1288
1610
1446
1183
1392
2235
1554
1366
1423
1868
2118
1998
1883
1870
2796
2015
1505
2361
2077
1383
2212
1623
1978
1740
1981
2213
1422
1659
1415
2970
2119
1531
2083
1749
1247
1212
1416
2113
1482
1143
1083
1574
1452
1139
1038
1068
1395
1141
975
1049
1391
1270
945
1032
1010
1267
1119
995
1245
1226
1252
1122
984
1401
1575
1342
1054
930
911
1271
1461
1788
1507
1864
1382
1353
1342
1627
1696
1645
1682
2163
2803
2254
1729
1493
1499
1242
1234
1041
1266
1738
1204
1336
1249
1801
1317
1507
1227
1835
1047
835
741
778
1627
1217