866847
12039
8997
11676
7435
9372
8253
7654
8560
6993
6452
7404
12700
6360
6520
6844
5870
6560
6074
5319
4430
7074
4705
6068
6041
5109
4751
3940
5739
5288
4611
6230
4372
3317
3710
4120
4757
3930
3857
5383
3292
3977
5717
3664
3882
3999
4088
4435
3512
3980
4686
4353
4695
3721
6850
4416
4663
3611
4077
3455
4918
4088
4306
5167
4180
2991
2987
3387
3675
2865
2907
3281
3289
3416
2797
3737
4655
3869
3581
3817
3602
2982
3488
3028
3078
3825
3570
2776
2808
3091
4198
2749
2715
3168
4026
5511
4998
3045
3434
2326
2880
2632
3430
3058
2499
2852
2680
2872
2550
2484
4527
2967
2910
2792
2870
2754
2892
2779
2735
2732
2709
3207
2696
2758
3226
2875
3829
5614
3475
3306
3666
3663
3005
3656
3557
4716
3921
3615
4022
4509
3493
2983
3655
2647
3535
4549
3185
2682
2779
2780
2594
3202
2338
3428
2680
3371
2599
3021
3022
4514
2851
2417
2654
2358
3021
2698
3022
4502
2809
2827
3459
2845
2379
2452
2626
2105
2241
2267
1999
2607
2284
2104
2457
2395
2052
2743
2292
1929
2267
2443
1801
3874
2798
2283
2289
2451
2630
2422
2507
2491
3047
3412
2525
3048
3042
3489
2834
3108
2958
3409
5061
4229
3020
3433
3251
4149
3872
3558
2734
3486
2708
3756
2529
3134
3857
5830
3314
3392
2979
3059
2690
2792
2692
2323
2738
2139
1860
2483
2436
1934
2716
2037
1778
3471
2520
2220
2550
2218
3027
2409
2362
2385
2150
2054
2676
3607
3751
2164
1966
2078
2256
2174
3176
2697
2838
2539
2218
2986
2651
2679
2653
2432
2900
2555
3162
2666
2638
2674
2564
3659
2874
4027
2292
3977
2834
2877
2896
2225
2935
2331
2819
2626
2810
3011
2068
2061
2781
2218
2574
2675
2294
2887
2504
2681
2581
1924
2052
2240
2069
2503
2876
2545
2084
2513
1849
1848
2172
1845
1851
2321
2657
2709
2598
2182
1879
2429
2084
1798
2403
1977
1926
1942
1966
2159
1990
2077
2027
2339
2330
2212
1624
4173
2594
4449
2358
2764
2663
3393
2582
3386
2537
2553
2683
2672
2454
3091
2619
3178
2540
2856
2614
2143
2088
2189
2133
2287
2108
1793
1902
2220
2158
1846
2407
2150
1666
1515
2614
1823
1542
2430
2952
2191
2828
2844
2708
2313
2607
2273
1912
1622
1951
1933
1792
1738
2208
1852
1758
2381
1865
1578
1903
2100
3209
2461
2051
2151
2348
2614
1827
1921
2083
1808
1445
2278
2483
2428
2976
2017
1901
2472
2168
1958
2592
2093
1730
1909
2389
2382
2313
2154
1843
2624
2308
2353
2988
3164
3081
2435
2946
2705
2397
2666
3046
2247
4299
2459
2975
2737
3744
2231
2471
2554
1792
1889
2459
2015
1901
2283
2054
2310
2464
1685
1620
1554
3966
2198
2514
2177
2047
2357
2676
2449
2398
1718
1666
1869
1716
1567
1591
1775
1891
1745
2105
2175
1542
1369
1812
2101
1626
1858
2163
1903
1856
2097
1960
1560
1775
1893
2049
1605
1506
1625
1899
1677
1251
1538
2054
1701
1573
2046
2241
7800
2780
2589
1944
1533
2552
2576
1770
2322
1785
2004
1589
2700
4003
2448
1802
1398
1617
2129
1502
1481
2154
1917
1529
1489
1929
1511
1652
1354
2087
2060
1620
1519
1969
1835
1532
1309
1691
1867
1357
1252
1572
1592
1676
1410
1259
1920
1488
1523
1585
1974
1345
1740
1418
3225
2262
2123
2096
1697
1899
2110
2309
2100
2639
2658
2488
2533
1783
1853
2482
2110
2216
2830
1972
1998
2598
3903
2701
1727
1294
2194
1948
1767
1675
2236
1898
1819
1528
2057
1490
1770
1397
2136
1994
1871
2227
1942
1841
1825
2222
2050
2059
2229
1962
2659
2216
1767
1798
2333
2681
1421
1408
2288
1468
1328
1360
1961
1621
1331
1494
1701
1610
1963
1952
1933
1729
1612
1914
3061
2035
1979
1965
1517
1281
1344
1335
1518
1416
1411
1478
1652
1429
1456
2217
2094
1643
1381
2224
1766
1477
1260
3612
1655
1408
2646
1806
1702
1440
1832
1782
1787
2158
2060
1801
1765
2763
2273
2080
2334
1723
1605
1898
1967
2421
2152
2021
1944
1753
2187
1522
1258
1254
2363
1685
1252
1240
1497
1767
1441
1176
1279
1736
1865
1483
1188
1329
1975
1426
1180
1211
1465
1611
1586
1549
1754
1462
1295
1569
1822
1914
1873
2003
2412
2112
1894
1975
1987
1720
1786
1930
1614
1364
1407
1705
1628
1272
1277
1416
3608
1646
1363
1485
1244
1271
1231
1271
1510
1431
1318
1335
1258
1472
1519
1312
1175
1456
1832
1886
1750
2817
1600
2267
1923
1710
1555
1412
3881
1962
2061
1972
1892
1404
1300
1665
1434
1197
4365
2287
1509
1872
2036
1740
1488
2609
1753
1626
1897
2473
2012
1903
1862
1534
1670
1761
2131
1678
1358
1575
1917
1583
1406
1192
1596
1767
1333
1274
2102
1848
1394
1217
1628
2057
1611
3351
2140
1614
1303
1215
1490
1286
1246
1288
1079
1411
1567
1358
1291
1159
1806
1465
1345
1298
2723
1811
1478
1900
2045
1410
1254
1579
1582
1368
1249
1719
1909
1658
1357
1210
1379
1909
1560
1237
1162
1397
1729
1334
1161
1110
1268
2112
1485
1221
1176
1445
1601
1627
1573
1954
1452
1319
1535
1386
1716
1635
1801
1476
1697
1501
1247
1289
1815
1745
1514
1402
1559
1559
1484
1279
1167
3422
1511
1457
1299
1429
2255
2863
3874
1677
1945
1850
1849
1442
2348
2486
1960
2072
2331
2066
2894
2246
2145
2595
2113
2270
2252
2384
2391
2053
1944
1735
2399
2065
1839
2331
1877
1816
1924
2253
2288
2607
2266
3279
2062
1686
1785
1599
1795
1341
1114
1585
1770
1467
1287
1177
1425
1782
1560
1246
1117
1318
1894
1382
1283
1154
1209
1676
1774
1465
1599
1942
1422
1073
1255
1406
1216
1322
1155
1296
1219
1510
1237
1337
1042
1300
1546
1289
1134
1409
1524
1696
1192
3414
1887
1681
1564
1920
2159
1525
1313
1347
1653
1897
1467
1510
1881
1661
1404
1645
2534
1879
1614
1672
2113
2402
2291
2183
2183
3228
2264
1830
2693
2298
1588
2476
1858
2210
1981
2282
2461
1669
1920
1655
3215
2419
1797
2334
1990
1434
1446
1710
2386
1721
1319
1369
1791
1616
1362
1250
1285
1561
1360
1257
1237
1593
1493
1175
1195
1223
1486
1341
1196
1500
1502
1490
1405
1174
1641
1816
1615
1353
1134
1168
1613
1744
2032
1899
2107
1594
1608
1591
1879
1937
1927
2044
2470
3086
2538
2014
1768
1748
1424
1472
1201
1594
1957
1384
1565
1490
2091
1498
1747
1448
2107
1245
1001
905
959
2040
1440