795444
11278
9418
8087
6711
9354
8237
8014
7065
7067
6399
11455
6180
5828
7359
7639
5051
7132
5492
4951
5797
6777
4796
7979
5410
5850
4265
4730
3878
3362
3352
5949
4942
3176
3305
3308
4371
3593
3554
3466
2878
3742
4716
3700
3981
3741
4989
3944
5548
3372
3776
7180
3650
4461
4831
3550
4010
5092
4641
3558
5059
4840
4496
5700
7142
5671
4153
4407
4478
4577
4538
3392
3077
3757
4022
3027
5148
3119
3727
3982
3765
2781
2928
2653
3504
4610
4811
3395
4174
4293
5587
5058
3061
2890
3953
3329
2986
2569
3707
2522
2704
2898
2182
3064
4292
3218
2723
2924
2317
2492
2548
2381
2998
2450
2880
2479
2617
3225
2946
2022
2153
2760
2105
2536
2182
2179
2791
4126
3239
2450
2434
1829
1999
1950
1933
2133
2359
2171
2274
1872
2471
2280
2100
1820
1956
2006
2006
2275
2020
2185
2750
2583
3790
2654
3393
2296
2341
3164
5668
3660
2992
2940
2283
1869
2412
2133
2136
2457
2121
1797
3375
2393
2704
2505
2412
2203
1883
2163
2084
2222
2356
1731
2343
2144
2628
2809
3365
2234
2072
2017
2432
3224
3030
1988
1815
2435
1994
2190
2154
2216
2806
2619
3083
2313
2600
2456
2356
2797
2353
3597
2252
2142
2199
4368
2046
1829
1707
2417
2255
2223
2237
1850
1780
1744
2522
1842
1731
1861
1820
1931
1796
1945
2047
1747
1914
2181
1750
1937
2177
1881
1602
1985
1709
1767
1825
2184
2327
2323
1997
1935
2300
2210
2279
2451
2387
3939
2376
2487
2025
2716
2872
2635
2643
3027
3666
3720
2822
2827
4253
2387
2491
1904
2308
2053
1808
2228
2720
2475
2290
1999
1957
1656
1741
2645
2051
2284
2363
2127
2286
2291
1975
2220
2218
1754
2143
2382
2026
2126
2042
1830
2228
2874
2276
2341
1845
2064
1832
1824
1826
1744
1648
1443
1539
1864
1613
2002
2095
2068
1686
2708
2120
1927
1748
1983
3224
1880
2191
1983
1608
1777
1688
1485
1452
2699
1914
1753
1644
1833
1516
1712
2030
2287
2853
2322
2332
3197
2274
3485
2638
2681
2257
1661
2452
2628
2126
2109
1621
1945
2316
1738
1962
2037
1457
1387
1466
1598
1599
1566
2299
2124
1788
1968
1599
1569
1897
2011
1659
1745
1937
1525
1656
3913
2018
2953
2221
1965
1795
1936
2066
1903
1577
1766
2013
1754
1904
1991
1419
1503
1475
1602
1560
1632
1590
1862
1548
1519
1362
1431
1509
1838
1591
1674
1652
1743
1425
1299
1265
1590
1689
1610
1560
1571
1379
1360
1338
1504
1910
1916
1552
1858
2396
2716
2136
2161
2333
2364
2184
4675
3494
3064
2983
2361
3077
2215
2243
2448
1869
2406
2514
2131
2114
1655
1632
1532
2183
1873
1373
2279
2101
1781
2063
1765
1563
1506
1804
1850
1554
1605
1764
1533
2654
1886
2166
2203
1806
1467
1236
1529
1583
1658
2718
2760
2214
2105
2172
1918
2510
2038
1876
2319
1565
1918
1926
1911
3636
1948
1469
1805
1543
1549
1590
1746
1689
1512
1547
1898
1643
1768
1615
1597
1959
3934
2375
3762
2041
2150
1634
1722
1591
2402
3257
3686
2530
3196
3104
2633
2227
2299
2204
1929
2223
2241
2168
2376
1800
1897
1753
2045
1585
1467
1793
1904
1993
1919
2029
1947
1857
1732
1511
1544
1662
3621
2243
1489
2055
2042
1489
1571
2436
1988
1576
1329
2119
1571
1407
1507
1859
1956
1600
2212
1760
2030
1895
1607
1385
1988
1854
1583
1548
1963
1561
1479
1497
1891
1530
1614
1825
1620
1409
1483
1612
1700
2133
2155
1925
1734
1593
1905
1803
1895
1697
1507
1461
1511
1787
1684
1802
1651
1680
3874
1711
1628
1772
1592
1568
1822
1678
1919
1884
1673
2314
2336
2082
1906
2363
1871
1797
1635
2463
2074
1805
1790
1613
2856
1982
1559
1550
2965
2285
2741
3314
2836
2596
2019
2002
1810
1710
1774
1449
1563
1513
1790
1899
2532
2277
2731
4722
2593
2867
2239
2545
2197
2598
2270
1736
2004
2458
1659
1632
2688
2275
2014
1704
1560
2116
1784
2010
2115
1796
1563
2199
4057
2738
1745
1649
2146
1605
1511
2661
1834
1472
1377
2567
1538
1540
3402
1832
1779
1999
1450
1179
1349
2037
2126
1491
1926
1538
1310
1241
1568
1622
1646
1843
1641
1422
1453
1700
1642
1537
1586
1954
2133
1595
2304
1427
1366
1455
1387
1880
1496
1682
1532
1496
1562
1544
1554
1681
1787
2618
1622
1956
2664
2124
2021
1867
2154
2027
1886
2081
2804
3000
2210
2899
1829
1345
1388
1879
1482
1511
2210
2162
1573
1515
1857
1396
1607
1930
3082
1787
2330
1536
1147
1360
2252
1272
1080
1362
1449
1126
2031
1419
1633
1838
1348
1426
1337
1096
991
990
1455
1299
1559
1977
1707
1302
1216
1249
1705
1353
1340
1315
1289
1376
1265
1215
1931
1839
1343
1102
1372
1737
1577
1341
1676
1523
1498
1556
1874
1606
1549
1554
1595
3451
1532
1481
1446
1783
1855
1341
1102
1049
1282
1786
1131
1090
1015
1266
1423
1468
1587
1337
1385
1286
1131
1301
1753
1519
1536
2179
1738
1478
1272
1773
1873
1688
2313
1984
1665
2301
2012
1978
2161
1468
1529
1243
1569
1607
1212
1177
1591
1280
1005
1055
1110
1183
1096
1048
1187
1207
1551
1230
1075
1049
1245
1442
1159
1008
1047
1352
1806
1199
1111
993
3147
1674
2446
3996
2235
1372
1011
1390
1811
1670
1495
1259
1513
1306
1034
961
908
1152
1001
920
1252
1005
1106
1075
1043
996
1025
984
1310
1083
914
953
1138
1365
1074
1002
992
908
925
888
1011
931
1035
901
997
1116
1030
1047
981
1062
1203
993
1021
973
1128
1070
891
885
1251
1312
1404
1331
997
998
941
1056
1149
1140
1156
1036
1082
1660
1391
1172
2417
1353
1051
930
1261
1637
1260
1250
1492
1984
1793
1801
2372
1867
2074
2930
1347
1033
943
1463
2147
1295
1980
1398
1976
1234
1315
1172
987
1652
1418
1461
1052
1688
1253
1404
1086
1061
1145
1293
1548
1391
1226
1062
1493
1444
1139
1037
1855
1485
1872
1586
1552
1400
1257
1314
2343
1946
1998
2047
1211
952
1026
1464
2091
1266
1244
1647
1397
1256
1155
1476
1295
1186
1267
2052
1285
1193
1302
1552
1738
1244
1054
1638
1346
1312
1466
2100
1347
1065
1094
1129
2651
1184
936
937
1125
964
898
958
904
1050
1109
1147
1073
923
1468
1100
946
816
993
954
1028
969
866
851
1367
1087
1380
2005
1694
1506
1856
2542
2757
1674
2090
2906
2060
1855
1658
1258
1132