811641
11685
10051
8494
7021
9829
8622
8367
7430
7434
6677
11846
6586
6186
7853
7980
5448
7656
5882
5335
6160
7138
5168
8361
5701
6175
4541
5099
4200
3680
3618
6275
5305
3495
3594
3574
4846
3923
3791
3765
3132
4084
5023
4027
4280
4074
5421
4320
5908
3722
4040
7459
4030
4817
5172
3925
4350
5653
4997
4011
5459
5223
4891
6244
7468
6091
4605
4750
4829
4951
4891
3748
3405
4046
4341
3389
5472
3396
4027
4367
4173
3132
3253
2990
3809
4969
5263
3694
4605
4670
6054
5391
3386
3305
4376
3750
3402
2901
4070
2795
3128
3271
2485
3358
4682
3606
3132
3299
2583
2760
2835
2639
3312
2931
3201
2738
2863
3531
3286
2274
2448
3086
2339
2923
2446
2480
3081
4796
3593
2739
2700
2074
2223
2209
2136
2406
2558
2435
2520
2099
2772
2562
2345
2042
2161
2192
2205
2541
2223
2484
3017
2830
4113
3029
3768
2688
2593
3469
6078
4056
3327
3205
2562
2122
2755
2395
2517
2771
2453
2047
3785
2694
3050
2871
2680
2477
2124
2414
2398
2577
2596
2007
2618
2416
2960
3135
3636
2471
2341
2406
2739
3592
3305
2285
2094
2852
2243
2449
2509
2509
3077
2932
3405
2619
2907
2721
2667
3139
2633
3934
2540
2445
2426
4615
2299
2066
1974
2733
2566
2605
2554
2116
2029
1987
2821
2188
1974
2045
2083
2171
1997
2182
2275
1991
2183
2490
1993
2235
2464
2101
1802
2258
1944
1994
2049
2480
2613
2548
2319
2248
2585
2535
2609
2746
2826
4297
2776
2801
2242
3043
3325
2917
2911
3356
3985
4055
3139
3180
4547
2726
2787
2160
2609
2318
2138
2496
3104
2808
2553
2231
2178
1907
2057
2955
2344
2614
2645
2388
2591
2575
2248
2529
2469
2011
2413
2662
2364
2448
2423
2054
2460
3244
2629
2597
2048
2301
2108
2034
2174
1957
1888
1613
1712
2073
1802
2309
2362
2354
1933
3007
2422
2197
2046
2252
3492
2146
2459
2231
1880
2008
1918
1717
1665
2986
2242
1973
1895
2148
1714
1951
2288
2580
3204
2712
2747
3522
2640
3789
2997
3002
2545
1895
2733
2965
2449
2326
1808
2212
2536
2019
2256
2271
1701
1567
1732
1797
1874
1925
2569
2460
2063
2250
1832
1781
2160
2267
1910
2048
2223
1848
2058
4199
2428
3239
2498
2206
1987
2189
2325
2110
1787
2015
2313
1974
2114
2218
1590
1721
1679
1796
1799
1922
1841
2033
1778
1750
1526
1613
1739
2069
1795
1894
1845
1970
1651
1504
1433
1794
1891
1796
1767
1868
1550
1552
1567
1803
2122
2118
1743
2069
2654
2962
2356
2348
2626
2611
2417
5039
3776
3388
3266
2622
3510
2502
2599
2724
2062
2740
2771
2327
2382
1849
1863
1894
2419
2050
1535
2531
2388
2020
2317
2010
1903
1711
2013
2109
1822
1869
2008
1782
2922
2123
2476
2552
2066
1682
1431
1753
1765
1890
3073
3074
2446
2344
2426
2160
2730
2224
2108
2500
1786
2173
2182
2147
3912
2171
1741
2107
1715
1796
1834
1989
1983
1744
1755
2137
1887
1946
1918
1834
2240
4217
2611
4002
2317
2388
1856
1961
1833
2624
3505
3990
2925
3555
3452
2916
2534
2533
2452
2164
2504
2530
2394
2626
2030
2101
1976
2325
1812
1659
2039
2140
2268
2101
2345
2145
2144
1971
1792
1789
1844
3856
2525
1782
2291
2258
1675
1748
2726
2264
1823
1627
2342
1768
1622
1713
2100
2223
1840
2412
1971
2273
2139
1830
1554
2207
2088
1789
1763
2141
1842
1703
1748
2079
1778
1840
2103
1809
1585
1682
1858
1980
2417
2505
2164
1987
1897
2118
2045
2173
1936
1761
1712
1775
2023
1971
2116
1877
1909
4184
2008
1912
1991
1864
1807
2149
1884
2187
2187
1910
2551
2575
2362
2111
2601
2092
2021
1969
2692
2345
2029
2050
1928
3134
2231
1795
1779
3219
2576
3116
3558
3147
2851
2290
2271
2016
2020
2100
1666
1741
1716
2040
2177
2815
2561
3096
5159
2936
3140
2660
2851
2477
2926
2553
1985
2302
2744
1939
1915
3002
2506
2246
1923
1772
2370
2020
2254
2356
1993
1776
2459
4332
3061
1960
1864
2402
1817
1761
3012
2091
1710
1574
2904
1778
1772
3717
2085
2030
2249
1670
1375
1563
2266
2383
1685
2196
1738
1557
1472
1759
1829
1914
2206
1937
1726
1666
2088
1974
1815
1890
2220
2422
1876
2563
1644
1519
1692
1618
2099
1747
1930
1745
1752
1804
1726
1768
1973
2023
2844
1891
2337
3006
2444
2371
2184
2449
2271
2198
2480
3145
3324
4656
3267
2089
1536
1598
2116
1668
1736
2509
2404
1824
1806
2117
1583
1907
2241
3398
2187
2662
1785
1288
1545
2511
1502
1211
1617
1669
1311
2212
1644
1861
2066
1522
1641
1541
1278
1209
1174
1685
1486
1800
2204
1948
1455
1442
1404
1972
1494
1490
1511
1476
1560
1418
1366
2138
2074
1588
1232
1547
1918
1780
1567
1875
1753
1682
1735
2148
1835
1755
1806
1867
3640
1744
1687
1675
2054
2111
1540
1282
1251
1494
2012
1304
1236
1231
1463
1646
1709
1809
1564
1616
1453
1280
1566
2005
1731
1824
2489
2035
1648
1435
1978
2155
1969
2591
2266
1968
2535
2242
2256
2414
1651
1756
1486
1777
1808
1372
1354
1797
1517
1199
1293
1319
1406
1235
1233
1321
1471
1797
1495
1286
1232
1477
1745
1336
1170
1218
1593
1983
1335
1294
1161
3313
2026
2651
5094
2546
1529
1153
1584
2004
1845
1693
1459
1834
1485
1240
1178
1093
1339
1151
1121
1447
1144
1257
1249
1226
1208
1177
1197
1540
1253
1074
1121
1341
1557
1326
1171
1228
1047
1056
1010
1196
1159
1210
1080
1219
1260
1215
1191
1185
1197
1389
1184
1157
1118
1274
1267
1107
1009
1470
1539
1634
1561
1221
1194
1094
1219
1330
1309
1413
1248
1318
1898
1643
1358
2590
1600
1317
1206
1584
1945
1463
1472
1787
2228
2009
2051
2619
2047
2382
3158
1616
1204
1094
1716
2369
1515
2201
1612
2211
1448
1510
1335
1201
1796
1619
1676
1200
1885
1416
1596
1220
1245
1311
1443
1791
1588
1386
1250
1749
1779
1289
1230
2124
1628
2192
1807
1813
1608
1429
1550
2566
2236
2380
2419
1425
1173
1268
1747
2363
1451
1500
1940
1604
1467
1465
1754
1488
1415
1493
2304
1461
1371
1634
1773
1984
1475
1213
1854
1571
1546
1749
2337
1568
1270
1328
1390
2843
1349
1170
1101
1336
1179
1078
1140
1053
1266
1334
1392
1253
1096
1667
1342
1118
981
1131
1086
1167
1144
1035
1013
1514
1259
1577
2224
1887
1741
2090
2780
3060
1938
2379
3199
2285
2238
1896
1413
1344