804667
10722
9917
8927
7980
8729
7458
8590
7178
7383
7859
11654
6941
5359
7793
6116
5249
5973
5654
4955
6210
5636
4389
4242
5252
5686
4695
4828
4105
3707
4214
6099
4961
4570
4034
5051
5425
3879
3784
4018
3712
3171
4491
4238
3379
3098
3201
3606
3404
2886
3525
4594
5961
3295
3539
3481
3275
3412
3214
2646
2691
2430
3140
3682
4083
2543
2951
3321
3038
2400
2541
2244
2851
2541
2436
3003
3130
2910
2366
3044
2299
2826
3067
2923
2686
6361
3371
3004
2924
2519
2617
3283
2684
2766
2511
5520
3785
2538
2376
2594
2411
2663
2315
2445
2518
1848
2680
2292
4231
6532
7413
4188
4846
3807
3071
7039
2955
3255
2993
2832
2927
3181
3054
2649
2627
3466
2599
5708
5833
3265
2491
2454
2633
2139
2225
3059
2938
2716
2329
2368
2233
2218
2557
2020
2345
2477
2384
2760
2170
2702
2799
2210
3155
2252
2632
4136
3246
3714
2795
2561
2486
2986
3133
4985
2334
2703
5429
4717
2948
2733
3333
2611
2343
2981
2563
2868
2358
2937
2585
3381
2611
2813
2232
2427
2588
2149
2509
2241
2035
3106
1885
2957
2573
1955
3480
2290
2464
2112
2375
2651
2904
3001
1767
2277
2325
2427
2657
2391
2735
2201
2287
2177
1917
2387
2241
2059
2776
2977
2406
1846
1748
2147
2307
1849
2281
2138
3589
2368
2000
2074
2012
1789
2208
2626
3399
3184
2446
2333
3153
2511
1989
2373
2194
2835
3003
2600
2719
2401
2911
2658
3322
2382
3071
2215
2892
4456
2993
2105
2556
2052
1892
2351
2013
1586
2306
2356
2200
2300
2330
2594
2598
2765
2234
1998
2857
1915
2562
2651
1927
2416
2059
1899
2934
2189
2843
2214
3683
2804
2418
2822
1859
2191
2077
2206
3205
2146
2851
2172
2398
2152
1744
1703
2584
2163
2389
1931
1775
2190
1775
1731
1528
1940
1711
1545
1961
1654
1942
1761
2078
2824
2358
2460
1705
2110
1800
1558
2123
1746
1458
2033
1357
1622
2751
2437
2007
2401
1789
1576
1967
3056
1815
2433
1973
2454
2013
2162
2300
3878
2930
2446
2626
2308
2247
2905
3794
3239
2486
2165
2180
2495
2126
2001
2844
1623
1372
2251
2248
2006
1959
1841
2705
1850
1988
2323
1773
1586
1784
1666
1761
2152
2339
1818
2157
2660
5136
2917
2240
1909
1609
1967
2139
1852
2862
2253
2218
2425
2688
2187
2700
2654
2560
3124
2223
2388
4006
3778
2450
1857
4749
2242
2434
2254
1867
2109
2396
2539
2774
1854
2208
2733
2293
1959
2321
2393
1966
2067
3183
2498
3007
2174
2235
2368
1962
2577
2277
2374
3417
2226
3146
2230
2491
2355
2176
2484
2076
2171
2630
2848
2459
2169
2014
2205
2185
2350
2094
2130
2104
2530
2344
2561
1895
2188
2103
2211
2665
2022
1481
1950
1451
3387
1844
1624
1454
1641
1546
1324
1205
1601
1615
1430
1227
1573
1842
1661
2329
2727
3551
1949
1856
2688
2458
1775
2233
2103
1701
1996
1887
1635
2786
2027
2036
2031
1966
2343
3087
1807
3105
1855
2053
2484
2599
5686
4935
3246
2535
2250
1719
3374
2172
2581
3231
2986
1972
2168
1947
1439
1344
1773
1526
1548
1545
3698
2061
2234
1820
1428
1708
1775
1747
1926
1793
1642
1417
1822
1516
1578
1497
1979
1580
1395
1784
1700
1507
2715
1635
1438
1331
2126
1553
1401
1430
2008
1583
1561
2192
1578
1466
1555
1950
1517
1600
1545
1783
1548
1465
2159
1746
1716
2255
1421
1280
1570
1731
1323
1522
3222
2564
2585
1755
1802
2332
1865
4025
2028
2025
2622
2682
2080
2898
1623
2192
2041
1646
2042
1794
1568
1308
1859
1591
1767
2127
1758
1366
1231
1715
1587
1834
2595
1743
1300
1323
2058
1429
1343
2694
1761
1270
2654
2443
1311
1847
1714
1810
1566
2204
1557
1227
2955
2014
3177
2241
1852
1815
1518
1408
1458
1435
1352
1297
1164
1323
1499
1289
1185
3662
1878
1575
1946
1662
1511
2039
2482
1290
1366
1944
1343
1102
1535
1618
1441
1328
2175
1458
1215
1142
2022
1438
1382
1671
1739
1597
1206
1147
1669
1418
1325
1245
1669
1412
1269
1284
1591
1334
1125
1142
1247
1393
1403
1303
1206
1608
1321
1355
1106
1556
1417
1324
1291
1182
1372
1290
1202
1492
1461
1177
1460
1918
1374
1597
1257
1679
1527
1375
1691
1836
1856
1966
1506
1809
1199
1806
1660
1263
1132
1372
2611
1443
1195
1456
1512
1329
1469
1757
1542
1445
2023
1630
1909
1872
2025
1713
1696
1940
1672
1507
2061
1561
1677
1301
1579
1226
1084
1070
1878
1507
1303
1278
2692
1657
1529
1620
1424
1287
1205
1440
1432
1356
1086
982
3207
1419
1457
1849
1312
1005
1210
1513
1249
2031
1225
1549
1677
1428
2025
1898
1654
1477
2099
2224
1854
2031
1516
1471
2989
2786
2161
2240
2038
2173
1991
2158
2233
1767
1656
2136
1884
1617
2440
1780
1524
1208
1767
1509
1336
1133
2120
1300
1130
1097
1097
1578
1396
1127
1011
1564
1232
1354
2275
1836
1432
1209
1389
1566
1278
1384
1790
1682
1342
1541
1939
1562
1563
2005
1987
1916
2156
1684
3341
2105
1961
1656
1903
1857
2014
1992
1452
1560
1935
1442
1291
1156
1539
1402
1237
1249
2061
1313
1125
1325
1577
1488
1219
1067
1389
2272
1541
1136
1387
2815
1320
1094
1350
1208
1706
1373
2761
1486
1815
1917
1207
1258
1389
1424
1142
1001
1096
1179
1393
1249
1016
978
1288
1432
1106
1035
945
1011
1351
1104
947
869
1245
1444
1121
1222
1008
1394
1427
1060
1040
930
1079
1771
1192
988
2848
1421
1109
1010
980
1255
1141
1143
1027
964
1328
1342
1055
955
968
1439
1031
991
986
1978
1570
1514
1274
1498
1394
1121
990
995
1884
1312
1076
1104
1304
1415
1333
1436
1566
1614
1214
1708
1672
1533
1184
1296
1626
1594
1399
1364
1910
1463
1302
1000
2133
1353
1338
1312
1933
1493
1205
1667
1673
1463
1369
1684
1674
1395
1730
1690
1166
1198
1243
1438
1312
1306
1377
1616
1411
1273
1153
1895
1537
2496
2165
1531
1263
1121
1415
1512
2295
1903
2149
2021
1520
1455
1324
1259
1252
1525
1406
1559
1220
2154
1333
1220
2164
1241
1067
1082
1447
1413
1211
1096
1165
1367
1192
1511
1380
1746
1466
1282
1705
1367
1570
1012
1235
1411
1771
1491
1400
1182
1683
1031
2340
2326
1379
1275
1404
1142
1232
1183
1523
1762
1406
1402
1817
1359
1466
1157
1620
1381
1803
1711
1921
1456
1292
1470
1444
1120
1103
1710
1492
1267
2289
1776
1235