823961
11131
10452
9553
8311
9142
7781
9225
7535
7883
8171
12017
7350
5815
8113
6418
5617
6601
6149
5244
6538
5959
4815
4577
5648
6108
5079
5178
4392
4033
4579
6532
5281
4868
4415
5402
5835
4228
4132
4335
4119
3440
4890
4705
3745
3376
3511
4011
3747
3210
3865
4906
6323
3630
3892
3838
3603
3752
3486
2969
2907
2671
3468
4001
4349
2802
3244
3644
3290
2638
2810
2513
3239
2852
2679
3288
3391
3265
2646
3320
2562
3238
3399
3300
2963
6874
3709
3282
3187
2837
2915
3603
3068
3158
2856
5812
4091
2824
2726
2840
2857
3025
2559
2760
2805
2094
3013
2626
4514
6850
7834
4792
5464
4347
3568
7453
3266
3574
3340
3222
3305
3593
3413
3175
3021
3873
2905
6240
6371
3649
2814
2725
2940
2520
2580
3433
3250
3015
2641
2659
2475
2544
2808
2251
2599
2700
2762
3089
2411
3004
3084
2490
3473
2635
2964
4658
3598
4013
3156
2905
2847
3702
3503
5416
2657
3141
5774
4985
3227
3065
3604
2912
2752
3331
2888
3189
2712
3301
2865
3748
2954
3106
2487
2844
3013
2456
2971
2534
2444
3490
2110
3284
2920
2257
3772
2639
2747
2357
2717
2950
3313
3353
1970
2541
2609
2751
3014
2724
3085
2501
2649
2425
2171
2676
2535
2315
3138
3279
2651
2078
1962
2416
2544
2077
2545
2477
3826
2630
2275
2315
2276
2038
2532
3034
4449
3474
2767
2605
3698
2772
2284
2704
2511
3228
3399
3014
3078
2792
3364
3110
3663
2794
3461
2504
3260
5142
3361
2451
2891
2285
2203
2652
2232
1850
2582
2673
2600
2549
2561
2895
2930
3046
2530
2234
3183
2133
2965
2950
2173
2738
2334
2130
3226
2497
3164
2592
4030
3050
2689
3180
2092
2441
2403
2544
3505
2463
3202
2450
2790
2451
1986
2185
2878
2390
2791
2180
2044
2418
1976
1920
1740
2193
1897
1723
2206
1943
2284
1992
2339
3070
2660
2731
1971
2393
2030
1814
2371
1998
1683
2276
1520
1926
3351
2756
2295
2660
2035
1985
2229
3468
2125
2695
2295
2745
2326
2497
2584
4218
3276
2731
2909
2596
2703
3343
4586
3536
2894
2462
2472
2882
2512
2447
3131
1919
1684
2600
2611
2380
2206
2121
2959
2088
2278
2678
1996
1827
2062
1966
2042
2686
2672
2108
2517
2987
5442
3203
2504
2201
1929
2207
2402
2101
3211
2550
2511
2682
3028
2528
2997
2947
2867
3419
2481
2625
4271
4114
2711
2078
5050
2521
2681
2487
2155
2373
2669
2809
3008
2066
2436
3033
2535
2246
2549
2638
2216
2298
3499
2852
3286
2455
2530
2675
2179
2912
2546
2678
3683
2512
3460
2481
2808
2684
2459
2753
2397
2526
2915
3280
2724
2405
2307
2479
2436
2608
2335
2392
2384
2791
2702
2822
2147
2459
2390
2542
2921
2281
1750
2235
1678
3646
2091
1908
1620
1870
1796
1488
1354
1838
1836
1600
1379
1804
2056
1849
2583
3041
4065
2222
2100
2938
2716
2124
2496
2382
1973
2295
2109
1857
3005
2339
2313
2319
2178
2609
3330
2034
3356
2083
2373
2745
2878
6024
5177
3660
2850
2493
2026
3676
2585
2893
3627
3253
2186
2481
2174
1702
1598
2033
1761
1779
1829
3984
2351
2476
2054
1634
1957
2041
2012
2165
2059
1901
1680
2088
1734
1797
1758
2211
1874
1628
2004
1924
1722
2960
1862
1608
1522
2345
1768
1630
1732
2235
1830
1780
2469
1834
1720
1775
2220
1765
1828
1768
1982
1829
1737
2383
2015
2074
2548
1707
1471
1847
1973
1505
1741
3760
2806
2850
2030
2038
2635
2106
4306
2259
2309
2977
2985
2410
3170
1931
2579
2291
1917
2314
2010
1828
1595
2097
1844
2047
2378
1989
1600
1433
1953
1771
2055
2880
2061
1502
1567
2279
1616
1538
2931
1987
1457
2903
2722
1482
2072
1950
2042
1799
2425
1753
1425
3249
2344
3430
2562
2066
2042
1722
1601
1673
1630
1540
1521
1322
1592
1750
1544
1388
3929
2145
1823
2285
1936
1753
2363
2762
1471
1700
2232
1615
1336
1803
1823
1685
1520
2439
1672
1400
1377
2243
1620
1637
1950
1984
1841
1411
1386
1915
1613
1552
1422
1912
1650
1457
1533
1880
1569
1289
1393
1518
1579
1649
1537
1390
1837
1518
1515
1257
1786
1660
1501
1476
1418
1620
1566
1358
1704
1706
1386
3536
2174
1589
1760
1534
1952
1721
1564
1978
2072
2175
2314
1766
2077
1399
2084
1855
1494
1280
1612
2945
1799
1402
1713
1760
1592
1749
2038
1780
1632
2272
1901
2131
2171
2263
1958
1952
2203
1944
1792
2319
1780
1947
1564
1781
1447
1335
1242
2111
1747
1515
1568
2951
1937
1830
1877
1714
1468
1430
1699
1667
1582
1334
1202
3447
1666
1775
2087
1523
1198
1460
1725
1412
2207
1441
1854
1956
1623
2324
2081
1814
1633
2347
2464
2108
2324
1703
1622
3219
3046
2478
2498
2296
2460
2232
2470
2508
1944
1860
2461
2136
1872
2779
2042
1815
1430
2047
1742
1539
1356
2326
1472
1356
1285
1368
1847
1562
1410
1233
1803
1458
1721
2504
2061
1671
1374
1655
1809
1497
1645
2010
1934
1579
1833
2238
1825
1783
2336
2300
2216
2541
1922
3691
2398
2306
1963
2177
2137
2306
2294
1759
1776
2201
1617
1563
1436
1764
1596
1561
1445
2410
1498
1336
1558
1889
1672
1449
1353
1640
2509
1720
1330
1626
3032
1549
1270
1532
1444
1919
1556
3124
1736
2189
2259
1393
1494
1620
1636
1420
1154
1306
1363
1593
1465
1175
1107
1480
1650
1272
1191
1077
1253
1613
1304
1115
1040
1441
1626
1320
1394
1206
1636
1732
1216
1185
1190
1359
1986
1426
1181
3113
1605
1280
1229
1196
1448
1323
1343
1219
1141
1543
1513
1275
1181
1157
1632
1197
1166
1186
2366
1798
1747
1553
1731
1640
1286
1178
1153
2160
1557
1273
1266
1566
1628
1557
1724
1854
1837
1457
1967
1979
1800
1412
1484
1928
1828
1610
1685
2236
1692
1519
1170
2419
1562
1533
1513
2172
1715
1448
1981
2019
1753
1626
1949
1932
1626
1982
2000
1346
1377
1427
1679
1541
1559
1648
1875
1641
1468
1333
2153
1815
2701
2459
1777
1481
1293
1642
1790
2654
2271
2418
2259
1782
1698
1519
1471
1510
1745
1620
1796
1793
2423
1552
1469
2406
1427
1390
1282
1749
1680
1432
1295
1446
1570
1412
1792
1656
2153
1684
1527
1988
1594
1784
1239
1508
1694
2044
1689
1640
1423
1959
1193
2563
2674
1605
1592
1681
1361
1410
1344
1789
2151
1659
1629
2083
1624
1712
1415
1870
1606
2084
1965
2181
1637
1558
1707
1688
1352
1329
2161
1746
1528
2586
2038
1482