888533
37710
30505
23146
21195
21875
18913
18256
18487
18845
18032
17741
20806
19305
15062
13216
12991
12402
12171
11988
11413
13646
14292
11275
10558
11745
9150
10102
12516
11758
12664
12703
9809
8655
11759
10782
11143
12033
12583
9105
8868
10688
12792
9924
8468
8339
8318
7895
7534
9406
8350
8297
7409
7535
8745
8056
7694
7423
7484
7785
9857
7456
7444
9923
7914
7162
9186
8342
9351
7547
11393
7047
7858
7855
7114
8432
7379
8776
7053
7429
6866
9560
8748
7696
9321
9709
10259
8726
6356
8398
7098
7565
9202
8466
8712
8459
6742
7368
6025
6442
6792
9213
7548
8620
7178
7031
5811
6443
8518
6089
6028
5729
6161
7207
7412
5713
6218
5900
6315
6411
7777
8639
6197
5915
5680
6182
6304
7853
6516
6669
6156
6671
7307
8363
6734
8780
6878
7045
7517
8201
8024
8600
6290
6062
6529
6662
7833
6228
6832
6167
7050
8716
6848
6155
6539
7142
6621
9069
7352
7317
6685
7733
7115
6593
7042
6239
6066
9654
7337
6688
9448
6436
6632
6518
6216
6969
5852
6610
5992
6122
6116
6855
7368
6124
8622
6208
8267
7753
6279
6414
6342
7394
7553
6185
6145
5969
5956
8066
7926
6446
7185
7434
5684
7794
10455
7687
7528
10071
10126
7432
6991
7637
6708
7684
6732
6587
6681
6401
5923
6711
5887
6987
6216
7507
8839
7955
6528
9098
7068
6288
5685
6155
8083
6213
6686
6583
6174
6331
6037
5413
5990
6464
7504
5428
6054
6024
5177
5459
5747
5515
5714
5283
5395
5891
5150
9255
7507
5692
4874
5372
5027
5418
6406
5612
5149
5734
5331
5427
5827
7979
6134
7034
7055
5760
5721
6268
7025
5301
5886
5398
5670
6406
5179
7440
5516
6588
5796
5933
6502
5215
6148
5460
8274
5687
5276
5448
5193
5348
5084
10194
8971
6413
5936
5772
7487
7688
5749
6641
6332
5265
8571
5812
27615
13819
11306
7358
6511
9325
9872
26479
10530
7809
5852
11250
9567
11377
10838
6488
6059
7890
4817
5653
6919
7429
7235
5902
11899
7109
5053
5701
5659
11694
5813
5482
4946
6117
4837
4700
5086
4756
5485
4663
4876
4724
4569
4481
5170
5064
4738
4528
5587
5042
6371
6108
5608
5200
6234
4749
5257
6376
5016
6714
5691
5149
5819
5055
5723
6267
5654
5650
4912
4825
5127
6906
6074
4687
5119
6170
4702
4801
5203
4187
4735
5086
5429
4671
4774
4536
4594
4225
4901
4477
4745
4021
4539
4178
4614
4791
6223
5112
4709
4717
4920
4493
4757
4598
5003
4072
4593
4749
4711
5021
6026
5525
5248
5866
5320
5253
5788
6647
5027
5406
5217
4828
4739
6223
5314
4696
4174
4324
4364
4026
4155
4427
4284
4366
4085
4347
4633
4103
5771
4173
5563
5003
4781
5448
5345
5090
5482
6771
5252
5256
4751
5102
4881
4195
4284
4170
4697
4508
4589
6016
4179
4794
4308
4368
4130
5090
4810
4142
4164
4024
4125
4269
4067
4268
4139
3940
3928
4692
3706
4156
5871
4106
4112
3910
4090
3936
3965
3856
4037
4294
4336
4214
4576
4303
4382
3777
4374
4276
4446
6699
5046
4592
6059
4861
3914
4045
5173
4074
5568
6533
4745
5049
4945
4757
4695
4273
4421
4075
4543
4485
4614
4306
4237
5199
4499
4083
4221
4635
3692
3995
3694
5039
6521
4837
5563
4096
4111
3869
4032
4471
5905
4108
4327
5704
6525
5614
5569
5398
4508
5796
4991
4526
4215
5067
4423
4232
4188
4179
4099
4422
4059
4470
4451
4969
5441
5554
4094
4203
4022
5121
4702
4124
3699
4608
3730
4041
3962
4006
4087
3640
4038
4256
3516
4376
3792
4437
5188
3840
3630
4391
3470
4342
4062
3912
3989
4628
3915
5098
4640
4204
3975
4282
3485
4821
3743
3971
5214
6628
4465
4451
5202
4176
3894
4709
4470
3696
4323
4282
4559
4393
4238
3655
4278
4020
4148
4027
5807
5633
4581
5711
4366
3535
3911
4324
3564
3816
4034
3708
4054
3911
4126
3689
4070
4028
3838
3665
4464
3532
5939
4313
5888
4060
4635
4677
4707
4325
4443
4572
4067
4287
4137
4033
3654
4125
4655
3827
4259
4105
3901
3683
6775
6634
5001
3885
3993
5581
5163
4195
4937
4091
3858
3848
5039
3683
3873
4159
3640
4099
3769
3475
3414
3945
5612
3543
3945
3684
3788
4158
3600
3546
3459
4242
4083
3548
4000
4969
3765
4158
3860
3795
3748
3593
3686
3861
7158
5153
4377
4571
4653
5208
4846
4683
4200
4766
4367
4732
3918
4938
4199
3881
4067
4316
4217
4230
4212
5112
4129
3647
4050
4192
3665
5269
3908
3554
3729
3778
3435
3382
3674
4339
3469
3682
3396
4824
3969
5434
5092
4168
4289
4502
4450
5384
4130
4084
4433
4908
4325
4748
4216
3703
3390
3852
3716
3931
3906
3411
5815
3617
4934
3897
3515
3747
3912
3525
3530
3275
3611
3789
4147
4180
3692
4063
4192
3687
3887
3472
3745
3484
4242
4362
3526
3962
4471
3404
3385
3602
3984
3574
3831
3518
3608
3372
3491
3751
3534
3519
3503
3770
3812
3485
5748
3594
3752
3307
3376
3972
3510
4295
3628
3875
4865
3992
4078
3892
4810
4472
4146
3613
3943
3852
3704
4626
4959
3799
3796
3210
3502
3294
4566
4108
3660
4458
4787
3349
3758
4524
3328
4362
3393
3621
3697
3649
3834
4702
3472
3929
3394
3138
3598
3209
3527
4235
3308
3651
3496
5172
3872
3504
3715
4122
3964
4801
4343
4620
6572
4150
4484
3669
4503
3354
3622
4291
3475
3988
3265
3673
3857
3597
3685
4014
4046
3439
3864
4077
3327
3624
5818
3539
3670
3641
3340
3311
3294
3641
3944
4027
3202
3357
3584
3171
3087
3400
3279
3804
4438
3280
3512
4658
4114
5266
3962
3562
4242
3520
3991
3518
4719
3621
3942
3372
3309
4079
3219
3287
3162
3418
3527
3828
4673
3532
3404
3835
3423
3740
3563
3707
3626
3088
2925
3708
3394
3435
3194
3343
3486
3360
3597
3316
3444
3447
4353
3150
3310
4232
3565
3570
3450
3600
3587
3256
2945
3653
4149
3262
3365
3191
3463
3161
3783
3085
3328
4717
3536
3594
3335
3480
3276
3973
4050
3855
3434
4635
6165
5851
4357
6360
6271
3937
5410
4373
4778
5019
4808
5518
3636
3333
3884
3360
3825
3505
3477
3173
3526
3639
3713
3550
3754
3640
3222
3335
3193
3395
3641
3532
4933
3405
3421
3391
3362
3210
3396
3809
3485
3465
3357
3605
3683
3661
5600
3734
4515
4810
4232
4167
4288
4988
4082
3598
4570
4765
14205
16433
19915
9870
15950
4785
3064
3635
3681
3303
3930
3197
3629
3930
3334
3627
3845
4710
6344
3840
3621
6305
4586
3706
4070
4427
3481
4769