904194
38250
30935
23549
21591
22210
19213
18724
18842
19175
18385
18181
21273
19667
15607
13560
13371
12748
12493
12306
11773
14100
14618
11654
10894
12024
9625
10567
12861
12162
13026
13061
10172
8998
12218
11536
11658
12431
12917
9463
9270
11045
13195
10332
8780
8610
8622
8258
7839
9768
8615
8711
7733
7813
9069
8392
8030
7802
7804
8098
10127
7767
7807
10299
8218
7500
9653
8723
9739
7827
11705
7472
8211
8193
7444
8816
7765
9126
7321
7723
7189
9868
9112
8094
9738
9976
10678
9012
6633
8657
7366
7913
9497
8829
9041
8802
7022
7696
6342
6783
7111
9720
7920
9080
7562
7342
6148
6747
8806
6357
6354
6077
6545
7617
7758
6047
6611
6193
6685
6782
8071
8927
6567
6222
6036
6607
6687
8341
6831
6944
6492
6949
7616
8685
7032
9124
7276
7396
7860
8593
8329
8911
6589
6525
6853
6993
8097
6566
7112
6409
7419
9017
7148
6496
6853
7417
6921
9362
7813
7668
7101
8073
7513
6948
7405
6582
6397
10036
7644
6993
9698
6700
6904
6776
6542
7247
6114
6870
6260
6401
6448
7122
7641
6429
8901
6512
8549
8336
6560
6688
6637
7764
7982
6467
6394
6268
6227
8365
8328
6900
7479
7737
6018
8100
10733
8075
7839
10388
10455
7751
7312
7980
6996
7972
7045
6881
6949
6704
6194
6970
6209
7282
6552
7853
9283
8269
6855
9491
7375
6576
6033
6486
8441
6539
6959
6856
6497
6642
6318
5722
6325
6766
7748
5711
6359
6374
5445
5712
6074
5870
6013
5666
5737
6199
5466
9712
7938
5990
5151
5619
5275
5695
6649
5872
5365
6011
5603
5770
6193
8322
6409
7343
7356
6027
5977
6620
7312
5602
6191
5681
5964
6679
5465
7736
5783
6854
6079
6256
6770
5510
6613
5791
8651
5973
5583
5780
5477
5707
5493
10516
9388
6895
6271
6072
7806
8176
6102
7301
6712
5561
8999
6183
28095
14502
11705
7808
6836
9737
10444
27006
16387
8193
6155
11650
10018
12009
11277
6862
6450
8255
5102
5985
7257
7808
7561
6383
12248
7437
5339
6022
5941
12079
6118
5783
5265
6453
5158
4986
5364
5062
5803
4953
5169
5089
4896
4769
5485
5372
5033
4773
5946
5357
6647
6383
5951
5458
6500
5071
5565
6709
5298
7010
6015
5584
6191
5452
6005
6553
5964
6073
5332
5105
5430
7550
6556
4905
5317
6379
4969
5020
5389
4399
4920
5417
5707
4904
4988
4768
4868
4423
5144
4716
5001
4228
4758
4429
4867
5023
6463
5307
4957
4942
5122
4748
4999
4841
5255
4360
4852
4960
5070
5469
6328
5841
5523
6090
5618
5541
6152
6961
5297
5655
5451
5065
4979
6521
5568
5009
4473
4579
4644
4236
4397
4722
4480
4652
4322
4581
4867
4287
6031
4360
5778
5267
5048
5774
5614
5329
5768
7013
5502
5670
4997
5324
5114
4396
4553
4456
5036
4712
4892
6364
4460
5068
4558
4623
4351
5346
5085
4358
4337
4233
4353
4455
4343
4645
4430
4142
4127
5017
3886
4387
6090
4315
4347
4149
4353
4157
4240
4090
4211
4499
4553
4453
4886
4606
4639
3937
4591
4460
4730
7051
5314
4793
6308
5056
4088
4241
5426
4319
5817
6804
5036
5294
5186
5054
5012
4612
4694
4324
4834
4695
4900
4564
4514
5427
4817
4338
4445
4956
3934
4222
3909
5254
6768
5033
5832
4313
4335
4072
4252
4753
6190
4360
4539
5948
6767
5851
5866
5635
4750
6071
5196
4846
4568
5344
4627
4483
4452
4462
4456
4716
4316
4689
4716
5158
5777
5772
4367
4443
4340
5400
4939
4391
3931
4873
3951
4270
4244
4263
4299
3863
4283
4517
3780
4631
4042
4663
5444
4074
3835
4607
3649
4654
4299
4099
4276
4879
4113
5430
4826
4503
4161
4524
3675
4982
3988
4175
5447
6872
4698
4744
5439
4468
4208
5014
4772
3957
4586
4557
4779
4649
4414
3859
4564
4276
4357
4226
6072
5902
5273
6006
4570
3787
4263
4536
3772
4015
4285
3955
4248
4198
4348
3908
4289
4219
4096
3894
4653
3724
6197
4613
6116
4291
4842
4963
4993
4551
4725
4913
4323
4487
4466
4375
3905
4395
4933
4108
4535
4375
4181
3872
6960
6814
5276
4178
4221
5819
5398
4496
5181
4307
4112
4061
5232
3922
4130
4457
3872
4332
3993
3700
3628
4187
5817
3780
4155
3969
4034
4419
3830
3792
3635
4501
4300
3823
4222
5196
4003
4347
4094
4019
3934
3823
3949
4110
7366
5434
4574
4826
4914
5495
5112
4908
4607
5043
4612
4997
4147
5196
4451
4145
4297
4688
4527
4433
4459
5352
4366
3928
4285
4477
3921
5583
4137
3784
4109
3976
3703
3611
3902
4521
3677
3895
3695
5158
4246
5757
5372
4364
4598
4797
4744
5645
4369
4385
4684
5244
4620
5046
4540
3963
3576
4151
3963
4138
4177
3710
6057
3837
5135
4149
3828
4093
4193
3798
3728
3524
3898
4036
4439
4443
3895
4273
4458
3902
4088
3703
3933
3705
4484
4598
3882
4188
4692
3652
3585
3795
4232
3809
4060
3768
3793
3571
3664
3938
3758
3751
3700
3965
4153
3735
6015
3865
4071
3527
3560
4161
3695
4496
3879
4121
5092
4317
4301
4159
5139
4764
4365
3970
4242
4140
3957
4836
5232
4045
4026
3436
3736
3663
4781
4306
3884
4666
5110
3544
3971
4779
3524
4720
3673
3824
4038
3880
4086
4886
3648
4131
3641
3362
3764
3394
3748
4512
3541
4000
3720
5538
4163
3735
3942
4372
4258
5093
4582
4892
6949
4480
4763
3860
4719
3600
3868
4561
3719
4212
3472
3970
4178
3862
3917
4277
4305
3681
4140
4380
3522
3870
6101
3832
4033
3836
3533
3524
3496
3894
4206
4246
3380
3585
3859
3381
3322
3843
3477
4052
4704
3589
3739
4996
4443
5472
4226
3806
4467
3868
4247
3753
4962
3828
4245
3625
3519
4263
3454
3510
3393
3663
3706
4021
4926
3742
3573
4009
3627
3988
3855
3913
3828
3300
3109
3931
3663
3690
3469
3572
3674
3583
3774
3510
3629
3649
4542
3409
3547
4536
3795
3755
3661
3907
3791
3489
3113
3861
4446
3498
3621
3486
3785
3393
4096
3252
3522
5026
3718
3776
3557
3708
3479
4204
4384
4120
3690
4891
6403
6127
4588
6640
6527
4315
5705
4637
5132
5448
5142
5812
3925
3552
4190
3556
4081
3759
3735
3511
3746
3961
4014
3824
3942
3826
3430
3529
3462
3583
3930
3811
5175
3583
3653
3649
3620
3411
3615
4088
3684
3676
3675
3797
4032
4031
5861
4015
4760
5079
4526
4441
4536
5327
4308
3794
4776
4986
14490
16869
20172
10062
16180
5142
3236
3844
3951
3525
4182
3479
3871
4242
3617
3859
4152
4943
6633
4069
3810
6555
4885
3995
4360
4717
3865
5107