955825
42588
28245
25130
26111
28007
20319
23419
21156
19270
19332
19302
20526
15904
15107
16109
13341
14091
15688
14858
15569
15028
12373
21432
20525
18176
10882
12737
14094
12828
10254
11007
12190
9808
9671
8924
9696
11752
10698
8958
13557
11596
12799
8708
8528
8019
10068
13971
9813
9751
8134
10665
8591
9301
8581
9319
9773
8793
9867
8483
8734
9372
8769
10965
9008
8620
7943
8786
10887
7417
8249
8318
8285
8508
7715
7777
8315
11689
7631
12421
8789
13970
12017
10614
10325
8834
8287
6910
8123
7881
7985
6895
9002
7349
7218
9407
7082
7260
6513
6712
6923
6318
6970
6873
6634
8884
6545
6964
6713
6634
6478
6083
6485
8982
8047
6739
8050
6829
10232
6567
8905
7284
6540
6382
6685
6558
6706
9319
8489
6083
6261
9200
6177
6946
7735
8685
9656
10473
7914
6424
6666
7861
6781
7462
7654
9478
7823
9136
6295
8799
7512
7046
6276
6726
6633
6775
6782
7198
6865
6620
6471
7431
6747
9353
6710
6576
6509
6805
8176
6193
8446
6928
6365
6668
8979
6685
11416
7058
8998
7483
8745
8319
8413
6951
7268
6987
9195
8226
7721
6596
7218
9806
6902
6205
5795
5908
8119
6112
7567
9561
9318
10059
9405
15353
10079
7184
6263
6595
6371
6028
6456
5730
5778
6455
6706
6961
7882
6589
5912
6690
6665
6201
7630
6587
6216
5594
6172
8549
5847
6122
6049
6761
6222
5587
6221
5750
5830
7917
5447
5157
5239
6509
5980
6337
6464
6115
6459
6163
6476
6017
5493
6118
5694
6120
5583
10295
7765
6723
5652
5232
5659
5603
5165
5296
5589
5733
5025
4949
5966
4941
6169
5825
5786
6797
5844
5277
6376
6528
5087
5203
5780
5310
5809
5122
4803
4946
5183
5213
5761
5009
5565
6987
8018
6231
5543
5715
5733
5186
6833
4855
4876
4642
5514
5155
5156
5481
5099
5077
5576
4918
6201
5468
6758
5318
5799
5498
5155
5552
6482
8164
6465
4537
4539
7336
4914
5756
5972
5711
5474
6390
5363
4812
4993
5078
4708
5467
5288
5669
6010
6345
5147
9709
6302
5102
5322
4728
4751
4629
5393
4533
5176
5716
4746
6538
5698
5452
6421
5261
5199
6442
4857
5007
5305
5128
5043
4994
5103
7272
4965
5019
4788
5024
5148
4616
4572
5316
6283
5314
5853
5236
7105
5314
5132
8266
6179
4897
5088
5258
4758
4886
5105
5234
5323
5197
5007
4650
4863
5045
4748
4931
5818
6521
5334
5174
4996
4754
5042
4617
4427
5996
5216
5606
4984
5407
6479
4940
6043
5825
6321
5023
5331
6676
5098
4593
5376
4811
5541
5156
4830
4868
4471
4490
4628
4850
4554
4686
5247
4385
4161
4360
4895
4860
5764
4403
4744
4330
4840
4996
6092
5699
5588
6440
4758
5157
7463
4532
5181
4480
4775
4508
5529
4895
4979
6575
4737
5068
4560
4452
4692
5076
4184
4677
4776
4723
4744
4397
4711
4078
4283
4507
4256
4070
4958
6355
4339
4341
4482
4913
3957
4191
4766
4448
4153
5069
4580
4532
4285
4386
4280
4640
4379
4687
4351
4367
5866
4338
5287
5026
4298
4909
5385
11312
7399
5400
5407
5157
5980
4898
5798
6268
5197
5245
4638
5166
5620
6726
6372
5272
6600
4746
5942
4327
4665
4422
4807
4456
4205
4505
7490
4930
6777
6506
5397
6123
7243
5783
7484
6171
4601
4692
4594
5027
4860
5238
4986
4631
4397
4006
4433
4327
4874
4369
4529
3955
4109
4285
5539
4321
4378
4203
4114
4327
4657
7041
4501
4711
6183
5289
4694
5237
4806
5817
5491
5363
4996
4413
4996
6527
4474
4600
4399
4329
4019
4618
4566
4530
6459
4683
5257
4926
5352
5296
5053
4938
4790
8785
4720
5211
6364
4527
4905
4898
4413
4364
4681
4977
5204
4108
4223
4338
4277
4205
4050
4651
4093
3953
4092
4465
4123
5047
4831
4897
4172
4869
4903
4050
4359
5201
4506
5084
4674
4649
3853
4519
4793
5115
3663
4589
4791
4151
5063
4189
5923
4150
4305
5447
5383
4691
4667
4693
4725
4080
4336
4030
4324
3649
3853
4144
4872
3719
4402
4835
4014
4208
4106
3740
4703
4035
4040
3959
4225
4105
8446
5005
4193
3995
3963
3629
3671
5435
4647
5661
5489
5048
4748
6273
5053
5112
4674
4490
4168
4479
4212
4452
4072
4457
3653
4057
4125
4693
4056
4561
5292
3896
4158
4448
4251
4236
4002
3871
4277
3589
3829
3880
4365
5175
4028
3856
3926
3458
4484
3686
3914
5142
4223
3911
5175
4326
3990
4318
6161
4344
4636
4267
5312
4144
4615
4737
6072
3629
3986
3750
5340
4137
4937
5588
4758
4068
4473
3588
4688
4354
4651
4049
4623
4062
4465
5576
4946
4357
4111
4422
4238
3887
3705
4588
4060
4571
3767
3711
4349
3601
3643
3762
4498
4055
3947
3767
4541
4153
3899
3648
3567
3920
4736
3512
4835
3884
4388
3517
3761
4433
4188
4295
4307
4100
5690
4554
4245
4384
4621
4037
4003
3986
4122
4256
4093
4729
4935
4162
3974
4198
4725
3667
4701
3611
3812
3960
3608
4033
3730
3907
3756
3606
4418
3503
4386
3870
5248
3547
3441
3638
3872
3952
3632
3746
4200
4063
4416
3957
4515
4149
4132
4124
4627
3911
5286
4158
3968
5682
4770
3826
4219
4579
3566
4072
4104
3849
3693
3566
4022
3972
4119
4651
4440
4092
3792
4245
3864
4682
3507
4194
3812
3816
3840
3702
3612
4235
3666
3636
4049
4159
3698
3603
3846
6023
3819
3937
3389
4218
4633
3561
3653
4352
3311
4758
3440
3751
3676
3740
4229
3720
4277
5253
5592
3699
6780
4113
4187
4071
4554
5275
3978
4493
4281
3521
3842
3867
4525
3660
3498
3861
3682
3902
3538
4307
3853
3165
3595
3678
3746
3869
4731
3668
3500
3459
3607
3199
3925
3443
3745
3454
3307
3313
3394
3456
3394
3209
3350
6240
3898
3750
3738
5550
3374
3904
3690
3968
4331
4333
4019
4435
3556
4201
4287
3636
4267
3409
3652
4654
3708
4050
3248
4606
4937
3614
3906
4950
3946
3602
4746
3432
4007
3559
3326
3244
3377
3320
4168
3621
3188
3424
3197
3970
3182
4581
3438
3308
4209
3489
3579
4021
3699
5002
4291
3738
3711
4036
3994
4060
3582
4486
4654
5615
5305
4923
4973
3656
3718
3491
3799
3770
3643
3885
3963
3769
3548
3327
3147
3375
3344
3272
3134
3531
3472
3213
3669
5422
3623
3440
3254
4219
3871
3458
3272
3328
4594
3666
3506
3839
3181
3697
3393
3442
3242
3734
3679
3912
4288
3545
3403
3276
3509
3117
3522
3498
3587
3358
3353
3903
3402
3795
3624
4257
3788
4141
4180
7168
7495
6165
4227
3714
4107
3945
5216
3928
3429
3671
3219
3367