974668
43016
28700
25520
26493
28472
20695
23874
21555
19596
19691
19711
20954
16215
15572
16487
13660
14407
16331
15262
15872
15388
12768
22283
21258
18588
11286
13106
14490
13221
10528
11367
12539
10204
10035
9355
10087
12282
11059
9299
13963
11941
13181
9032
8861
8352
10375
14304
10144
10037
8547
11101
8957
9640
8927
9795
10122
9181
10287
8878
9067
9710
9094
11324
9435
9124
8326
9107
11228
7775
8527
8593
8577
8846
8060
8068
8648
12004
7915
12855
9157
14369
12389
10961
10654
9201
8597
7186
8490
8282
8310
7187
9287
7682
7510
9704
7358
7549
6855
7035
7303
6662
7252
7155
6927
9167
6861
7274
7017
6958
6964
6550
6940
9431
8450
7061
8368
7128
10591
6873
9202
7689
6908
6824
7110
6887
7052
9835
8765
6366
6602
9469
6489
7203
8092
9039
10005
10783
8221
6705
6974
8179
7077
7746
7992
9877
8913
9449
6662
9201
7862
7382
6684
7053
6953
7104
7078
7498
7281
6899
6826
7776
7117
9722
7060
6868
6822
7167
8502
6477
8714
7240
6656
6980
9328
6979
11780
7412
9392
7830
9092
8634
8693
7285
7572
7284
9693
8745
8027
6947
7619
10124
7297
6571
6127
6184
8387
6481
7910
9933
9667
10492
9772
15763
10368
7491
6562
6895
6689
6464
6729
6075
6233
6792
7005
7330
8154
6877
6196
6996
7005
6573
7954
6949
6566
5982
6538
8899
6207
6518
6478
7072
6560
5897
6512
6216
6450
8279
5724
5455
5572
6911
6351
6617
6778
6492
6768
6462
6971
6417
5896
6530
6056
6464
5945
10608
8151
7007
5982
5597
5923
5953
5508
5625
5991
6053
5391
5263
6258
5224
6438
6070
6046
7161
6150
5596
6749
6833
5406
5491
6077
5581
6144
5438
5122
5253
5422
5480
6018
5289
5949
7292
8429
6652
5967
6013
6014
5494
7110
5162
5235
4896
5755
5463
5514
5765
5456
5383
5892
5250
6473
5786
7082
5679
6187
5762
5447
5835
6749
8462
6766
4812
4801
7807
5202
6099
6298
6086
5812
6682
5695
5237
5289
5495
5091
6026
5780
6038
6367
6652
5429
10024
6651
5565
5608
5063
5019
4914
5655
4881
5484
6069
5028
6914
5958
5741
6733
5601
5659
6748
5176
5399
5635
5473
5317
5329
5353
7577
5270
5325
5132
5291
5497
4871
4889
5582
6618
5626
6265
5850
7471
5765
5618
9176
6516
5224
5378
5477
5007
5180
5403
5555
5594
5510
5256
4890
5073
5350
5047
5299
6083
6863
5618
5414
5283
5029
5342
4868
4764
6219
5439
5836
5296
5747
6907
5248
6515
6091
6596
5331
5682
7001
5408
4909
5633
5062
5792
5477
5059
5153
4773
4853
4834
5163
4840
5083
5573
4651
4377
4584
5152
5179
5997
4643
5005
4635
5134
5251
6421
6026
5894
6784
5192
5449
7829
4824
5464
4706
5085
4849
5747
5198
5207
7004
4978
5338
4876
4706
4912
5399
4463
4969
5029
5106
5279
4610
5000
4477
4520
4815
4509
4310
5212
6556
4559
4585
4741
5185
4142
4446
5040
4775
4428
5395
4914
4784
4530
4657
4463
4899
4652
4982
4666
4623
6130
4668
5640
5344
4580
5301
5702
11925
7704
5668
5709
5524
6315
5163
6071
6514
5451
5518
4927
5429
5880
6984
6684
5538
6853
5066
6232
4612
4888
4668
5081
4737
4435
4788
7874
5180
7032
6792
5697
6389
7590
6065
7757
6427
4892
5074
4905
5279
5093
5602
5249
4884
4624
4246
4662
4572
5361
4691
4815
4214
4349
4730
5821
4538
4631
4470
4382
4577
4949
7371
4761
4976
6473
5606
4956
5585
5111
6086
5718
5669
5399
4619
5292
6802
4731
4961
4615
4644
4308
4908
4956
4767
6698
4947
5477
5188
5655
5586
5362
5191
5090
9114
4992
5510
6600
4803
5274
5161
4696
4649
4903
5326
5584
4380
4433
4640
4622
4448
4358
4986
4335
4211
4347
4777
4336
5263
5109
5144
4435
5136
5154
4373
4649
5531
4842
5377
5002
5033
4053
4719
5009
5333
3887
4870
4988
4379
5379
4473
6123
4406
4612
5704
5657
4960
4874
4920
5017
4318
4655
4326
4603
3903
4044
4396
5189
3930
4664
5082
4405
4425
4393
4023
4956
4344
4283
4263
4507
4361
8695
5325
4420
4334
4197
3945
3978
5651
4888
5985
5841
5320
4986
6657
5264
5436
4886
4672
4535
4770
4426
4795
4406
4757
3910
4284
4449
5054
4278
4824
5541
4074
4402
4670
4540
4482
4228
4102
4510
3759
4061
4088
4611
5368
4304
4078
4175
3664
4720
3931
4204
5428
4574
4128
5387
4558
4272
4588
6396
4567
4967
4511
5535
4468
4837
4973
6380
3906
4267
4045
5605
4403
5209
5826
5113
4284
4728
3769
4927
4606
4973
4314
4880
4311
4777
5777
5182
4667
4360
4752
4600
4118
3914
4816
4333
4814
3998
4061
4606
3871
3857
4008
4812
4282
4184
4079
4782
4374
4169
3814
3772
4192
4934
3747
5134
4166
4630
3827
3970
4660
4379
4570
4694
4326
5942
4805
4473
4607
4896
4300
4237
4239
4356
4504
4299
5041
5242
4452
4194
4471
4975
3898
4961
3887
4046
4213
3824
4295
4109
4148
3947
3829
4642
3766
4704
4104
5545
3832
3688
3847
4150
4173
3826
3938
4398
4298
4691
4268
4840
4397
4413
4329
4917
4242
5537
4424
4277
5898
5075
4023
4475
4794
3748
4376
4364
4104
3958
3758
4336
4213
4423
4878
4725
4339
3976
4487
4108
4851
3753
4488
4068
4033
4119
4035
3856
4585
3987
3819
4364
4337
4004
3836
4124
6329
4043
4179
3634
4449
4806
3746
3969
4631
3526
4985
3681
3990
3917
3907
4489
3928
4580
5489
5903
3965
7199
4351
4503
4296
4792
5545
4245
4815
4573
3724
4104
4114
4752
3911
3721
4112
3966
4152
3938
4576
4077
3342
3885
3937
4071
4071
5051
3895
3792
3693
3799
3370
4176
3779
4152
3826
3493
3532
3697
3656
3668
3395
3537
6491
4262
4028
3968
5728
3589
4095
3941
4296
4561
4594
4272
4695
3870
4455
4612
3928
4477
3699
3918
4924
3971
4311
3437
4790
5196
3834
4098
5192
4183
3772
5044
3719
4246
3816
3575
3444
3637
3546
4491
3897
3361
3676
3431
4255
3412
4813
3644
3518
4400
3808
3877
4312
3933
5285
4578
4033
3995
4331
4264
4415
3847
4776
4902
5965
5778
5253
5201
3939
3929
3749
4000
4059
3877
4198
4182
4027
3804
3532
3400
3556
3594
3550
3324
3918
3678
3509
3857
5703
3868
3644
3471
4429
4114
3743
3529
3526
4779
3859
3833
4074
3409
3920
3575
3631
3470
4016
3934
4111
4510
3727
3699
3465
3783
3294
3765
3674
3858
3598
3562
4087
3708
3984
3845
4582
4057
4405
4476
7408
7771
6370
4556
3964
4400
4335
5509
4174
3703
3922
3487
3583