906895
43303
29983
27466
27021
23576
21742
20776
19442
19143
18837
20254
20741
15782
16686
14217
14019
13240
16752
15345
12414
15763
12160
12865
12345
16044
10776
11009
11957
11111
10589
12203
14342
11512
13959
18317
12963
12770
11726
10121
12507
10183
13361
8854
8639
9232
9313
10599
9653
11863
10652
11349
10062
9385
9365
8184
9960
10315
11033
9757
10674
11480
8939
14318
10324
7916
8419
10536
9810
10758
10377
9570
7578
17069
9835
13771
9736
8751
10440
8885
9611
8711
7579
8027
7702
10462
8570
10644
7820
13803
9425
9066
7438
8189
7487
9356
6979
7127
7259
7922
9667
7195
7487
6958
6818
6746
7465
7869
7181
6582
6590
10622
6345
9746
9932
9733
8570
8156
6759
7690
8618
7015
7806
9022
7689
11503
7982
12236
8794
8123
8109
7485
7764
8009
8341
8407
7337
7819
9370
7661
7492
7385
7618
7597
7478
8242
9342
7316
6869
7407
6998
8308
9216
7293
9544
8314
9000
10265
8232
8924
12135
8025
9636
8219
12340
7929
8623
8852
10709
11844
12466
8818
7925
6882
6784
6856
7976
7252
7736
6968
7772
9387
8925
9299
8920
8515
9326
8400
7142
7143
7398
8954
9386
6923
7082
7649
9219
8138
8335
8713
9305
7008
6629
6566
7827
7317
6849
6696
6692
6437
6703
7277
6423
6950
6923
9517
7434
10386
8381
6606
6420
7145
6509
7446
6408
6802
6700
8418
7300
5966
7050
6345
6712
6507
8157
6817
6366
6929
6112
6197
6372
7690
8002
6987
7274
6940
6729
6979
6676
6481
6255
7475
5986
5961
6466
10218
7604
6957
5693
6057
6869
6137
6404
5722
5804
6626
6066
5636
7498
5879
6937
6352
6513
5785
5781
5907
5683
6054
5988
6234
6264
6498
6095
5426
6111
8135
5526
6195
6349
6703
6786
8529
9194
6836
5759
5668
6998
6241
6095
6256
6408
6897
7509
5879
5470
6388
6103
5571
5487
5183
5485
5807
5831
5848
6373
5488
6588
6272
6732
7426
7005
5345
5773
5583
5306
5632
5698
5946
5396
5826
5242
5305
5550
5270
5355
5113
5299
6832
4976
5587
6446
8975
5504
5750
5157
5322
6118
5278
5105
5167
5154
5056
5886
4830
6374
5556
5699
5346
6264
6736
5378
6847
6599
8525
7738
6582
6796
6078
6073
5283
4991
5703
6247
5239
5434
5928
5590
5389
5614
5584
5534
5401
5736
7688
8178
4905
6171
5231
5117
6984
5393
5788
4901
4837
6928
4938
5736
6741
5780
7167
5473
5068
5705
5339
5619
5398
5541
6813
5711
8511
6063
5195
5282
6412
5363
5501
5338
5707
4764
5697
4913
4948
6511
4765
6138
4777
5473
5869
5037
5569
5341
5511
5652
5338
4969
5213
5173
5294
5706
5185
4777
6496
6890
5212
6907
5152
5705
5953
7563
5339
5194
5228
5493
4885
5131
4748
5107
4715
5496
5672
4750
6478
4979
4790
4565
4483
5587
5684
5978
8354
6369
4948
5252
4382
4878
4764
4594
5316
4636
5643
5474
4489
4976
4655
5356
4406
4884
9318
7061
4800
7932
4474
4480
4992
5869
4544
4667
4559
5978
4963
7689
8032
5987
5176
5067
6310
5162
5291
8524
4539
5918
7999
9616
4710
5205
6197
5943
4971
6217
5708
4915
4645
5273
7352
5580
5307
6335
5006
5496
8784
5707
6407
7893
7104
7427
6348
6551
5510
5169
4964
5142
4846
5136
4618
6282
5740
4751
7546
5769
5632
5206
4592
5591
5647
5176
4877
4774
6413
5736
5719
5331
4670
4578
5454
5932
5144
4283
4665
5056
4640
4558
4715
4066
4134
4825
4936
4967
4838
4564
4100
4547
6478
8043
4748
5558
4810
5271
4897
5376
5151
5277
4458
4796
4572
4054
4363
4591
4596
4616
4764
5964
5002
4803
4427
4384
4546
3942
4386
4459
4503
4482
4452
4383
5100
4185
4480
3993
4869
5372
4356
5483
5384
5117
4605
5515
5232
4867
5985
4682
4541
5202
4489
4013
4612
4277
5498
4268
5189
4702
7714
4772
4484
4829
4870
4205
4884
4587
4493
4275
4867
4194
4791
4034
5435
4008
3944
3905
3706
4293
4126
4085
3855
3757
4461
4383
4083
4105
4604
4146
4214
3845
5489
4280
4151
4174
4496
5070
4391
3992
4902
4549
4617
5450
4988
5583
5107
4295
4538
6501
4362
4769
4278
4490
4092
4379
3818
3803
4241
4813
4387
4407
4540
4323
4158
4447
3751
5630
3944
3839
4506
4678
3886
4288
3798
3886
4014
3853
3753
4547
3797
4426
4403
4161
5231
5852
5012
7060
4997
4384
5391
4718
4598
4190
4653
6049
4620
4943
4464
4504
4240
5090
5410
4182
4085
4092
4227
4139
3769
3676
4104
4231
3918
4133
4672
4036
3808
3524
3953
3881
5230
4486
4355
3792
3940
3696
4077
4487
5048
4394
4526
3753
3702
3694
3677
4042
3599
3843
4647
3826
3673
3725
5255
4832
4292
3671
3494
4429
4293
4448
4580
4225
4823
3835
4974
4260
5348
3802
3863
3769
4109
3960
3906
4463
4097
3712
4472
3652
3858
4186
4478
4281
3878
3731
5048
3539
3770
3679
3785
3906
3904
3740
4512
3611
4220
4886
4147
3965
3966
3680
5428
6513
6597
5619
3515
4448
4417
3843
4051
3515
3836
3797
3688
3702
4043
3869
3532
3525
3686
5182
3650
3756
3555
3853
4612
3870
4190
4498
4034
4543
3494
4368
4220
4162
3818
4715
3782
5512
3805
4263
3894
3532
3921
3940
3490
4182
3981
3859
4010
3452
3971
3694
4006
4055
3548
4726
3474
4569
4942
4440
3652
4063
4233
3798
3804
3634
3937
4063
3765
5471
4196
3753
5129
4193
3989
4383
4638
3931
4830
4166
3704
4602
4156
3589
3503
3879
4086
3472
3614
4351
5038
4124
4274
5180
5098
5613
4993
6204
5648
3666
4020
4108
3856
3831
4219
3644
3720
3401
3463
3576
4582
4194
5521
3846
4035
3700
5715
4282
4079
4650
6105
4044
4044
4108
4074
3590
4294
3500
3762
3838
3519
3588
3723
4987
4198
3570
4237
3508
3752
3572
3537
3576
4169
4048
4018
3752
3578
3336
3838
4313
3889
4165
3679
4054
4638
3939
3681
3722
3759
4827
3969
3990
3954
3991
3735
3557
3682
4055
3481
3314
3652
3400
3551
4178
3937
3637
4886
5775
3609
3915
3406
3832
3820
4216
3889
4665
3811
4625
4515
4146
4747
4487
4003
4107
6535
5083
4231
5242
4033
4059
3661
3953
3366
3551
4024
3700
3573
3763
3953
4201
3561
3768
3525
3647
3282
4472
3412
3326
3569
4439
3995
3755
3628
3658
3775
4048
5612
3919
4710
3880
4665
4730
6194
4237
5928
5515
4494
5002
4054
4484
4962
3679
4032
4579
3528
3400
3606
3493
3199
3681
3767
3429
3541
3537
3671
4018
3924
3616
3876
4171
4492
3491
4752
3542
3315
3880
3650
3870
3254
3646
4417