922038
43767
30361
27830
27487
23978
22048
21240
19786
19530
19218
20802
21116
16091
17167
14790
14365
13582
17057
15823
12791
16244
12471
13471
12850
16381
11168
11283
12302
11571
11060
12479
14668
12007
14587
18842
13477
13302
12054
10596
12844
10519
13687
9255
8996
9504
9721
10949
9961
12271
11049
11691
10433
9795
9719
8582
10292
10791
11335
10119
11043
11783
9338
14745
10678
8242
8789
10981
10246
11124
10846
9942
7876
17457
10238
14138
10009
9023
10759
9281
9994
9037
7949
8332
8168
10820
8948
11038
8107
14164
9798
9450
7838
8603
7794
9658
7319
7477
7658
8216
10323
7574
7743
7248
7175
7060
7817
8140
7456
6974
6923
10937
6684
10205
10386
10140
8840
8440
7111
7978
8962
7366
8182
9484
8116
11964
8357
12793
9086
8493
8504
7792
8047
8291
8624
8798
7643
8108
9656
7992
7805
7668
7961
7966
7838
8572
9659
7675
7133
7728
7274
8623
9468
7623
9802
8645
9445
10797
8573
9185
12461
8484
10030
8608
12791
8341
8976
9171
11065
12137
12793
9172
8244
7277
7125
7241
8368
7553
8051
7250
8132
9716
9281
9697
9223
8882
9672
9022
7491
7435
7727
9410
9770
7277
7374
7921
9515
8493
8697
9060
9630
7285
6965
6863
8146
7649
7164
7047
7001
6730
7025
7577
6721
7330
7271
9877
7702
10815
8823
6953
6762
7509
6822
7770
6682
7229
7021
8752
7656
6303
7372
6799
7187
6904
8540
7163
6651
7216
6420
6585
6694
8007
8359
7303
7576
7252
7031
7259
7289
6927
6630
8000
6444
6290
6881
10936
7998
7218
5984
6359
7243
6460
6671
6122
6056
6954
6381
5898
7914
6203
7256
6666
6904
6164
6085
6235
6027
6364
6294
6548
6637
6780
6388
5719
6569
8396
5877
6473
6794
7107
7151
8848
9575
7225
6067
5937
7306
6530
6347
6560
6753
7272
7798
6170
5798
6730
6350
5836
5754
5537
5811
6154
6120
6142
6663
5841
6923
6680
7072
7713
7280
5663
6127
5926
5666
5887
6083
6256
5889
6137
5520
5639
5929
5621
5752
5391
5687
7223
5290
5968
6720
9251
6001
6071
5427
5575
6386
5555
5535
5436
5458
5354
6130
5171
6776
5857
5955
5597
6617
7038
5648
7134
6970
9027
8068
6883
7218
6412
6408
5606
5267
5966
6583
5537
5691
6174
5926
5674
5884
6065
5852
5724
6054
8029
8625
5158
6392
5432
5380
7237
5656
6106
5250
5081
7185
5220
5960
7013
6043
7522
5736
5432
5978
5543
5840
5620
5815
7107
5996
8804
6323
5471
5560
6649
5566
5733
5557
5993
5026
5948
5336
5199
6770
5050
6402
4995
5762
6126
5329
5813
5607
5712
5836
5542
5179
5490
5395
5527
5910
5377
4999
6722
7172
5440
7159
5417
5953
6185
7827
5585
5553
5478
5717
5122
5359
5068
5382
4956
5751
5882
5007
6692
5239
5057
4887
4776
5882
5897
6211
8616
6603
5248
5527
4597
5097
4994
4874
5587
4881
5856
5678
4779
5214
4892
5597
4658
5147
9689
7319
5073
8259
4742
4889
5318
6132
4791
4956
4825
6237
5266
8325
8298
6242
5460
5429
6613
5448
5537
8803
4791
6206
8793
9985
5068
5464
6486
6273
5196
6630
6028
5182
4909
5531
7692
5844
5589
6589
5303
5795
9134
6019
6731
8194
7398
7702
6666
6851
5765
5455
5212
5405
5076
5445
4870
6543
6034
4972
7782
6031
5947
5460
4841
5856
5929
5441
5126
5038
6660
5985
5986
5594
4923
4821
5668
6157
5385
4570
4864
5298
4914
4761
4915
4269
4373
5016
5170
5222
5138
4766
4336
4753
6719
8303
5009
5824
5061
5559
5321
5621
5386
5537
4691
5055
4863
4376
4606
4885
4895
4913
4982
6259
5296
5050
4651
4616
4815
4164
4628
4700
4706
4757
4681
4672
5350
4452
4814
4231
5157
5592
4572
5695
5647
5396
4939
5839
5483
5167
6269
5011
4803
5414
4762
4219
4892
4555
5806
4551
5464
4982
8050
5027
4791
5073
5126
4613
5141
4841
4742
4622
5141
4522
5090
4254
5698
4202
4136
4142
3890
4573
4463
4296
4125
3979
4688
4655
4425
4333
4903
4478
4474
4135
5830
4528
4395
4429
4706
5312
4612
4262
5149
4862
4991
5702
5263
5811
5345
4593
4760
6693
4563
5021
4601
4753
4395
4640
4033
3995
4482
5098
4553
4647
4746
4569
4449
4691
3988
5886
4194
4081
4751
4946
4113
4525
4033
4110
4279
4065
3993
4730
3985
4634
4619
4468
5499
6062
5261
7314
5219
4694
5597
4959
4879
4428
4828
6279
4877
5244
4656
4777
4548
5303
5584
4422
4305
4297
4499
4374
3960
3886
4330
4441
4153
4394
4884
4232
4030
3721
4174
4130
5461
4690
4536
3990
4122
3878
4306
4708
5265
4601
4768
3986
3958
3960
3903
4311
3839
4072
4888
3998
3927
3913
5485
5160
4539
3891
3699
4641
4520
4732
4790
4459
5067
4111
5240
4544
5624
4022
4118
4019
4399
4181
4147
4769
4337
3920
4712
3903
4098
4507
4774
4558
4136
4020
5223
3774
3981
3913
4007
4122
4125
3968
4739
3845
4462
5112
4447
4184
4196
3930
5757
6745
6834
5812
3751
4747
4711
4040
4330
3714
4078
3979
3902
3952
4289
4108
3778
3745
3945
5452
3926
3983
3806
4044
4832
4110
4397
4745
4286
4795
3723
4641
4541
4505
4056
4947
4081
5806
4088
4498
4150
3773
4107
4163
3712
4438
4261
4045
4204
3640
4255
3934
4247
4297
3820
5013
3721
4814
5151
4715
3952
4307
4491
3981
4003
3832
4171
4331
3943
5676
4440
4043
5421
4450
4203
4653
4944
4271
5119
4400
3948
4859
4448
3783
3751
4116
4346
3728
3832
4587
5328
4350
4488
5403
5382
5849
5283
6421
5930
3989
4242
4352
4123
4038
4472
3940
3905
3594
3656
3823
4811
4387
5754
4031
4249
3870
5923
4500
4334
5036
6413
4306
4300
4451
4328
3843
4489
3687
4000
4058
3700
3813
3914
5244
4465
3796
4485
3725
4044
3783
3834
3799
4441
4267
4286
3980
3813
3513
4036
4531
4142
4361
3939
4297
4863
4123
3926
3992
3973
5094
4268
4160
4166
4225
4006
3843
3920
4330
3701
3523
3904
3592
3767
4361
4142
3839
5147
6031
3882
4141
3668
4096
4065
4439
4130
4933
4070
4843
4854
4534
5188
4845
4397
4360
6919
5759
4531
5541
4279
4296
3978
4259
3588
3774
4294
3900
3803
3959
4228
4443
3866
4023
3798
3839
3516
4739
3617
3484
3834
4701
4229
4007
3814
3895
4031
4249
5914
4208
4930
4094
4950
4993
6419
4496
6188
5920
4686
5185
4362
4746
5194
3932
4264
4889
3792
3614
3939
3739
3387
3870
3956
3693
3733
3808
3868
4223
4290
3904
4080
4550
4750
3758
5052
3787
3550
4134
3830
4127
3484
3925
4614