956369
42523
33146
27585
22301
23622
17732
20422
23128
19510
18271
18288
19221
17278
16779
17807
17790
19597
14083
16030
13575
21182
10732
11552
12202
17186
13610
20714
15431
13092
16279
22434
17362
13771
16667
13135
13574
13604
14143
12057
14640
12237
15691
11288
7896
7475
7443
10865
7299
8603
10050
10184
9739
10078
8731
10777
8600
8636
10743
7466
7930
6894
7866
10444
8729
7369
7070
6740
7745
9335
7405
7081
6440
7442
6981
8159
7867
7552
12675
10007
10240
9159
8294
7257
6749
9826
6832
7303
7206
8400
8641
8600
6487
9697
8094
8483
9252
8427
6679
6423
6374
6524
6844
6653
8820
5783
6306
8217
7281
6155
5837
6667
6831
8986
10143
7004
6423
7310
8819
6723
6509
10503
6244
6429
6012
6484
6624
9581
7603
5656
5781
6948
8389
6256
5732
6415
8036
6517
6233
6403
6332
6980
7420
7245
6555
8801
8580
6511
7336
7177
8791
9393
9195
5794
6488
6490
6901
6772
7481
6344
6617
6347
10141
7376
6819
7594
6050
6818
5843
6290
8420
6436
6114
6217
6103
7118
6036
6105
5785
9272
8459
6716
6377
6517
6929
6461
7931
7197
6198
6138
7210
8187
7552
6247
5853
7012
8089
6151
7238
6642
6893
8552
11396
7122
9642
6818
6165
7575
7989
7773
7364
7145
6586
9473
6339
5582
6467
6369
7886
5377
6208
8204
6725
6447
6668
5287
5605
9030
6059
6424
8444
6489
6243
6333
6138
8731
5957
6233
6830
5824
5732
5898
6204
6052
6009
5661
5991
7612
5777
6800
7317
5494
5664
5983
6474
7464
9409
5402
5661
5359
5144
5641
5467
5402
6643
6057
5286
5462
5407
5404
4982
5605
6816
5305
6338
5913
5306
5604
6589
5720
5807
6497
7088
8355
5935
6762
5437
5916
7003
5364
6310
4848
6454
5629
5365
5272
5101
5158
6715
5116
5284
5283
4654
5094
4661
4803
4989
4864
4664
5026
5451
6522
5984
5984
6000
5676
8691
5487
6218
7934
5971
5445
5694
5571
5031
5145
5620
4986
5305
5530
4881
4737
4883
6373
5011
5090
4711
4408
5078
4655
5629
7594
6186
5082
4963
5307
4707
4439
4413
6683
14024
6682
8916
5277
4771
4686
6850
5887
4781
5504
5668
4919
5714
7008
5823
5940
6741
5559
6514
5863
5093
5372
6345
4909
5340
6209
5337
5160
4887
5827
5230
4733
5847
6369
6895
5856
5047
4713
5151
4623
4885
4161
4734
5084
5019
5517
5640
5378
6077
5862
5582
6135
4842
5800
4670
5304
4278
4380
5082
6301
4968
5093
5026
5013
4553
5691
5172
4904
5024
5199
5869
4373
4950
4537
4246
4363
4825
4249
4185
4169
6005
4207
5118
5662
4825
5095
4937
4763
5524
4551
4508
4215
4542
4287
4421
4005
5132
4389
5086
4694
4050
4199
4779
3880
4605
5801
4761
4391
4414
4321
4212
4358
3826
4657
4222
4727
4129
5179
4430
4239
3851
4836
4439
4855
4347
4538
4265
4588
4658
4642
4092
4591
4337
4597
4302
4058
4149
4798
3786
4368
5825
6055
4587
6211
6217
4849
5550
5549
5300
6229
4979
5202
5299
6116
5468
4266
4822
4735
6243
4614
4579
7269
5623
5377
5029
4425
4170
4204
4764
4355
4164
4204
4561
3616
3746
5497
3724
4165
5582
3948
4229
4812
4641
4804
4596
5772
4130
4925
5097
4915
4503
4435
5015
5933
5266
5293
5922
6384
6467
6512
6555
6079
6514
4190
4032
4156
4109
3672
4209
3864
3920
3834
3729
3919
6895
4438
4109
4196
5266
3906
4570
5889
5171
5430
5439
5132
5411
5138
5574
4880
4216
5380
4464
4181
4290
6228
6307
4831
4187
5020
4846
4356
4253
4734
4275
4520
5049
4488
4485
4449
4998
4128
4170
5397
4699
3939
4501
4294
5477
4472
4461
4519
6046
4616
4393
5443
4991
4072
4557
4335
4700
4171
4780
5093
4975
5905
5157
5281
4964
7462
7460
7291
4650
4697
4348
4957
6972
5533
4879
7313
4627
4462
3917
4529
4414
4582
4416
4365
4129
5829
4229
6165
4117
4558
4151
4496
4157
4053
4776
4403
3940
5061
5359
4186
3993
4383
4742
4271
4983
4875
4473
4411
4520
5670
4378
4975
4422
4065
4489
4866
4064
4182
6903
4739
4833
3910
4288
4068
3870
3851
3790
3960
4034
3931
5118
3777
3979
3903
5440
4184
4225
6935
4192
4846
4484
5406
4327
4690
4026
5197
4525
4813
4788
5240
4012
4044
6198
3862
4447
3633
4163
4415
4302
4152
5870
6980
4996
5427
5051
4423
8437
5089
5173
4951
4413
4454
4327
4269
5196
4996
4265
4089
4946
4037
4421
4233
4538
4254
4256
4460
4149
4313
4175
3794
4227
4532
4327
4015
4074
5441
4227
4193
3706
5063
4171
4319
4305
9718
7783
4589
5546
7047
4354
4360
5768
4794
3904
4356
4048
4019
3811
4796
5107
4995
4241
4922
4615
4441
3442
4355
3705
4013
4013
4267
3910
4434
3613
4157
3695
4059
10203
3826
4625
8315
5251
6984
4981
4414
4869
4623
5726
3956
6102
4049
4409
3692
4068
4647
4407
3849
3928
8252
3530
3865
5461
3745
3821
3826
3881
3560
3632
4979
3838
3744
4333
3807
4227
3716
3877
4920
3752
4056
3663
3817
4614
4555
4864
4253
3334
3510
3663
3795
4534
4220
3475
3417
3793
4810
3252
3668
3461
3524
3827
3620
3921
3664
3497
4063
5393
4287
4210
3931
4367
5432
4549
4786
3888
4112
3639
3972
3801
3888
3672
3495
3708
4079
3490
3737
4277
4190
5432
4108
3777
3774
3741
7063
4321
3381
3534
3243
3276
3458
3574
3519
3161
3447
3405
5403
3769
3349
3807
3653
4239
3749
3669
5035
3660
3797
3771
3930
3912
4794
3561
4041
4800
3737
3972
3672
3895
4001
3326
3446
3533
4967
3861
3755
4038
5094
3543
4169
3459
3847
4001
3819
3898
3526
3610
3805
3339
3160
3380
4367
3794
3552
3291
5210
4448
3505
3555
4362
3562
5734
3729
3396
4235
4927
3699
4582
4761
4580
4203
4704
3851
4895
4062
3662
4098
5058
3513
3967
3400
3946
4414
4317
4082
3956
4471
3916
3517
4952
4551
4255
3811
4132
3407
3764
5130
3903
3773
5213
3749
3931
4286
3582
3814
4183
3609
3949
3896
5022
5652
4005
4021
4661
4129
3851
3720
3832
4158
3502
3907
5330
4224
5278
5880
3857
3287
4037
4548
3472
4522
4200
3684
3715
3356
3400
3229
3562
4150
3730
3972
3278
4036
4474
3355
3731
4122
3548
3340
3333
4335
3785
3767
3495
3674
3838
3587
3627
3389
3895
4536
4414
3657
3691
5133
5034
4324
3669
5430
4859
3636
3669
4361
3599
4769
4155
5265
3899
3608
3438
4046
3845
4646
3485
5869
5070
5845
6655
5428
5026
3608
3959
3789
3404
3527
4283
4142
3410
3649
3387