971813
42923
33813
27990
22691
23985
18074
20889
23539
19895
18709
18852
19619
17695
17576
18444
18358
20023
14467
16497
13983
21644
11058
11963
12668
17760
14009
21114
15799
13450
16741
22752
17731
14163
17240
13696
14036
14026
14470
12426
15099
12626
16243
11636
8274
7750
7712
11139
7655
8908
10418
10496
10109
10498
9042
11094
9042
9095
11098
7867
8251
7241
8212
10862
9094
7635
7367
7069
8029
9621
7692
7415
6792
7766
7299
8501
8187
8002
13045
10436
10747
9588
8659
7584
7071
10176
7118
7588
7506
8688
9051
8963
6784
10058
8441
8772
9599
8759
7127
6743
6807
7027
7166
6934
9115
6071
6631
8519
7539
6458
6166
6964
7191
9730
10483
7466
6732
7628
9325
7062
6864
10952
6626
6793
6341
6969
6988
10248
8006
5943
6137
7289
8720
6584
6001
6868
8527
6841
6549
6711
6655
7362
7717
7605
6878
9134
9013
6851
7658
7451
9080
9708
9591
6116
6796
6796
7283
7035
7802
6708
7050
6710
10468
7682
7224
8051
6397
7090
6104
6593
8679
6714
6390
6518
6404
7407
6326
6439
6106
9656
8856
7081
6701
6833
7294
6737
8243
7687
6485
6549
7637
8585
7873
6564
6182
7327
8336
6448
7565
6987
7221
8910
11720
7406
9993
7101
6514
7902
8317
8191
7720
7513
6954
9785
6639
5914
6770
6672
8178
5648
6607
8517
7042
6741
6989
5542
5919
9533
6363
6772
8757
6794
6562
6659
6516
9046
6310
6576
7147
6135
6002
6277
6575
6410
6385
6057
6346
8074
6309
7245
7645
6039
6072
6319
6843
7871
9765
5674
5961
5715
5447
5905
5747
5665
6923
6430
5619
5737
5647
5721
5273
5924
7139
5594
6681
6227
5597
5850
6911
5988
6083
6753
7375
8758
6217
7047
5753
6249
7314
5719
6624
5115
6800
5928
5759
5617
5435
5434
7080
5576
5576
5584
4897
5455
4905
5044
5332
5150
4974
5307
5735
6784
6326
6294
6334
6021
9096
5872
6537
8227
6291
5788
6088
5889
5309
5383
5949
5279
5596
5859
5191
5147
5201
6620
5336
5501
5054
4654
5402
4887
5946
7817
6540
5369
5427
5586
5061
4757
4684
7087
14406
7217
9222
5657
5137
4991
7347
6221
5061
5816
6042
5282
6018
7373
6133
6198
7108
5896
6798
6212
5489
5800
6731
5214
5619
6529
5621
5485
5190
6514
5587
5013
6294
6900
7279
6113
5427
4991
5399
4911
5140
4357
4974
5412
5349
5800
5918
5703
6362
6175
5880
6481
5145
6260
4966
5590
4620
4722
5355
6509
5264
5421
5284
5297
4830
5993
5462
5210
5304
5542
6100
4666
5249
4772
4596
4685
5033
4502
4464
4406
6219
4485
5370
5927
5130
5356
5240
5112
5779
4815
4856
4560
4870
4505
4746
4243
5480
4693
5376
4929
4282
4468
5067
4084
4871
6060
5062
4678
4688
4669
4572
4623
4087
4950
4444
5064
4393
5413
4665
4515
4122
5079
4734
5119
4603
4841
4593
4867
4897
4872
4317
4837
4586
5009
4571
4472
4397
5047
3995
4574
6056
6334
4861
6580
6507
5248
5830
5799
5618
6487
5340
5592
5598
6369
5729
4502
5243
5062
6500
4908
4840
7663
5998
5850
5351
4632
4433
4387
5049
4650
4552
4470
4850
3840
4018
5755
3986
4428
5796
4188
4478
5187
4945
5102
4816
6148
4404
5175
5409
5223
4870
4756
5302
6176
5636
5583
6337
6671
6804
6911
6816
6316
6758
4417
4269
4376
4356
3957
4473
4129
4099
4031
4150
4123
7139
4694
4570
4481
5580
4265
4826
6369
5406
5691
5701
5451
5745
5477
5879
5154
4472
5705
4722
4434
4564
6586
6590
5065
4559
5287
5086
4667
4509
4950
4537
4770
5341
4751
4759
4704
5210
4343
4374
5654
4893
4244
4733
4592
6272
5022
4703
4753
6310
4931
4677
5753
5292
4369
4821
4648
4963
4391
5037
5378
5282
6259
5441
5534
5294
7759
7826
7585
4882
4994
4586
5208
7255
5760
5104
7638
4911
4688
4153
4755
4674
4801
4755
4559
4351
6030
4626
6487
4352
4799
4469
4705
4409
4295
5012
4658
4166
5250
5575
4399
4212
4647
5000
4493
5178
5105
4753
4714
4733
5896
4647
5172
4625
4326
4781
5087
4348
4445
7106
4964
5088
4110
4500
4296
4042
4029
3955
4149
4240
4147
5366
3987
4174
4136
5811
4425
4468
7194
4489
5055
4703
5634
4585
4902
4236
5434
4783
5040
5017
5517
4241
4241
6451
4128
4672
3888
4409
4609
4546
4391
6083
7231
5213
5671
5330
4751
8937
5365
5434
5206
4664
4675
4536
4507
5437
5221
4498
4327
5189
4324
4697
4510
4804
4540
4580
4724
4395
4666
4387
4000
4491
4784
4580
4254
4320
5705
4500
4443
3959
5297
4423
4607
4602
10052
8077
5052
5871
7390
4601
4626
5992
5041
4128
4634
4290
4211
4012
4981
5402
5251
4541
5204
4935
4653
3722
4580
4005
4366
4300
4579
4122
4668
3833
4335
3997
4298
10441
4068
4845
8527
5487
7229
5234
4712
5101
4843
6009
4321
6353
4339
4637
3931
4333
4929
4696
4087
4152
8499
3775
4060
5653
3917
4022
4059
4081
3852
3818
5188
4105
3950
4528
4063
4428
3999
4089
5118
3986
4294
3918
4052
4816
4751
5065
4433
3525
3691
3875
3969
4759
4445
3705
3611
4019
4998
3493
3902
3727
3728
4021
3893
4101
3943
3775
4311
5703
4523
4400
4213
4677
5703
4868
5345
4110
4365
3956
4223
4071
4169
3938
3797
4029
4332
3718
3980
4543
4397
5699
4379
3979
4013
4066
7337
4584
3590
3767
3452
3558
3752
3840
3711
3422
3643
3648
5638
3991
3623
4017
3871
4433
3952
3971
5222
3899
4021
4032
4174
4210
5059
3876
4275
5064
4011
4235
4060
4177
4266
3593
3675
3778
5257
4152
4066
4282
5373
3730
4368
3770
4084
4241
4030
4161
3798
3859
4095
3560
3351
3616
4563
4009
3837
3579
5426
4651
3861
3809
4660
3773
5935
3960
3581
4432
5225
4021
4819
4994
4922
4429
5003
4088
5143
4338
3877
4299
5244
3784
4154
3638
4199
4686
4568
4342
4207
4759
4189
3719
5291
4756
4466
4120
4349
3703
4013
5500
4182
4045
5432
3973
4278
4516
3859
3987
4381
3849
4145
4154
5351
5904
4276
4309
4941
4467
4123
3941
4107
4417
3873
4152
5589
4537
5579
6356
4230
3520
4345
4803
3790
4786
4452
3948
4020
3574
3646
3504
3807
4468
4060
4228
3477
4295
4698
3587
3927
4436
3799
3550
3524
4560
4005
3960
3707
3870
4076
3887
3868
3640
4110
4763
4589
3883
4101
5351
5247
4570
3858
5663
5068
3859
3892
4557
3859
5009
4399
5470
4145
3838
3691
4309
4091
4890
3839
6258
5384
6132
6964
5668
5265
3860
4246
4016
3639
3775
4537
4337
3814
3900
3635