902644
39014
29647
25263
21203
23281
19285
20986
19169
19901
17318
16128
16331
17873
15199
14988
14852
13680
13432
15692
11452
14949
11735
12959
11977
16067
11328
11267
11869
9792
12299
13621
12639
10754
10634
11251
12601
9409
11133
9867
12072
10693
12873
9847
8643
8506
9231
9634
9195
10425
9355
10228
9458
8485
7638
8766
9018
8100
7213
7934
9425
7781
6860
8827
7201
7400
7776
7734
7872
7245
10210
7261
8805
8713
8944
9079
8117
6983
8530
8172
6673
8598
7526
9169
9670
12943
10963
9493
8682
9389
6529
6522
7193
7847
7304
10012
7327
7382
5898
6506
6560
6903
7698
6933
6700
6745
6814
9032
8402
10551
6746
6510
6325
8182
6948
7374
6309
8282
7620
9056
7438
8060
7963
8585
6259
5987
6379
9214
7727
5931
6094
5858
6151
5628
6415
6156
6777
9731
6273
8193
8887
8663
8272
11170
7482
7690
7358
6988
8722
7286
6798
7019
6711
6687
9837
6801
6532
8270
8876
6789
6812
6861
6481
6599
6745
6618
6497
6568
6424
6678
7968
12062
8188
6389
7240
6210
6250
6555
6425
6320
6727
6438
6034
6238
6826
7350
8977
10327
9396
6846
6154
8315
6714
6313
7258
6763
6612
6705
6134
6800
5990
6421
6440
6537
9032
6604
8799
7516
7872
10270
8787
11137
9304
9031
9062
7616
7593
7715
6280
6097
6339
6860
6081
6455
5960
6328
6599
7154
5594
5627
5905
6992
6742
6808
5769
7655
5976
5871
5088
5093
5621
6323
5961
5968
6544
5066
5804
7351
5645
6450
6461
6833
5330
5164
6933
11227
8813
6311
7979
6187
6674
5739
5816
5569
5892
6142
6026
5553
7076
5099
5349
7748
6518
7293
5185
5458
5871
5647
5638
5096
5198
5153
5502
5510
6135
5612
6849
6461
7285
6632
5432
6611
8273
6056
5692
5440
5236
5574
6724
5680
5587
5397
4583
4624
4708
4813
4723
5582
6992
5309
6358
8808
6092
7544
6078
7964
6626
6533
5878
7142
7892
8132
5533
7775
6771
5494
6836
6127
6317
6087
7354
5059
8289
4973
4946
4818
4638
5068
5090
4936
4906
7927
5331
4812
4697
4277
4793
4603
4628
4691
4500
4269
4431
6658
4464
5449
4770
4897
4337
5377
5112
5108
6835
6429
5912
6664
5019
5945
5623
6319
5106
4818
5462
4795
5985
4684
4728
4975
5096
4802
4928
4360
4628
6736
5698
4991
4437
4268
4371
4138
4114
4354
4563
4696
4250
4532
5769
5198
5067
4862
4557
4445
4278
4637
4025
4560
4292
4226
4161
5297
4327
4939
4388
4460
4337
4978
4255
5979
4558
5035
4903
5405
6627
4910
4771
7693
6085
5274
6212
7147
4710
4574
6083
4894
5446
4890
4693
4218
5884
4579
4166
4068
4817
4241
4426
4538
4766
4737
4814
4763
4509
3951
3890
3876
4998
5461
4311
6998
4685
4909
6360
4826
4481
7754
4325
4504
5027
5942
5037
5451
4514
4633
4266
4163
4187
4951
4187
4435
5890
4131
4337
6016
4507
4440
4370
4594
4203
4389
4678
4271
5236
4919
4864
6460
6875
7153
5882
9859
5878
5336
10378
4975
5886
7310
4686
5784
8458
5010
6829
5837
5724
8686
7754
4653
4920
4310
4987
4156
5218
3860
4642
4291
4250
4331
5621
4331
3804
4856
4006
3798
3991
4157
3810
3674
3711
3947
3822
3751
3618
4036
4663
4134
3912
4866
4535
5618
4873
5430
6001
4514
4509
5043
4702
4098
4123
5072
4847
4237
4425
3834
4363
4189
4596
3838
4004
4031
3683
6498
4203
4134
3991
4968
3653
4113
4216
4241
4325
4377
4095
4225
4071
4206
3906
4654
4374
3839
4755
4809
4071
5106
3760
4414
4435
4345
3874
5077
3809
4823
4070
4959
4308
4051
4053
4313
4076
4153
4209
4559
4189
3773
6546
4624
4328
4173
5535
4625
4750
4290
4573
4488
4662
4088
4004
4190
4393
4390
3903
4228
5504
5503
4097
4566
6082
4620
4124
4389
5353
4121
4053
7367
4390
4933
4043
4194
3643
3769
3890
4380
3613
3799
3491
5291
3851
5433
4006
5126
3730
4694
5413
4255
3903
4736
4524
3905
3907
4289
3633
4208
4045
3873
4642
4013
4117
4011
3685
5098
4175
3667
3836
3951
3986
3875
6416
4699
3858
3760
3518
4150
3854
3589
3584
3774
3933
4529
3684
4105
3852
5377
3751
4023
3625
3859
3574
3446
3622
3838
3520
3703
4168
3740
3607
3325
3639
3541
4086
3804
3614
3520
4569
5443
4207
3710
3613
4676
3656
4695
4228
5341
4120
4149
4218
4086
4173
3984
4058
4729
3926
4144
3485
3953
6067
4051
3625
3850
4432
3721
4574
3781
4070
3547
3433
3911
4188
3854
3866
3943
4283
3851
3889
3632
3546
3772
4840
3460
3441
4329
4731
5608
5112
5058
3996
4332
4055
3986
3823
4074
4088
3406
3983
4479
4270
4225
5254
6163
3885
4521
3988
3810
3652
3710
3654
3659
3533
3520
3487
4004
3714
3629
3632
3496
3799
3496
3653
3990
3552
4659
3349
3487
3495
3891
3797
3409
4355
3937
3887
3367
3647
3808
3506
4289
3665
3662
3370
3751
3730
4238
5062
4188
3566
3729
3978
3700
3625
3508
4410
3942
3562
5018
4508
3692
4240
4205
6604
4301
4122
4077
4171
4199
5407
3848
3926
3836
3662
3775
3665
4615
4907
3693
5311
4419
3979
4411
5266
4167
4362
4700
5024
3913
4916
4213
6621
3444
5356
3747
3692
3631
5238
3646
4915
3725
3906
3941
4215
4530
6224
4308
3737
4249
4767
3705
5596
5111
3805
3321
3952
4052
3924
3603
3585
3607
3302
3825
3637
3863
3346
4171
4027
3292
3585
4153
3782
4319
3460
4788
3826
3446
3678
3730
3641
4177
3325
3507
4684
4900
3902
3716
5642
4285
4700
3829
4200
3651
3739
4301
3873
5300
4316
3771
3734
4259
3342
4261
3353
3653
3453
4142
3328
3206
3482
3456
3767
3273
3611
4227
3433
3629
6559
3644
3990
3412
3528
3345
3524
3837
3317
3911
3223
3717
3662
3810
3404
3755
3586
3204
4057
3362
3724
3402
4471
3727
3238
3543
3638
3354
4161
3246
3689
3396
4074
3344
3929
3353
3542
3440
3295
4725
3418
3688
4184
3371
4811
3424
3723
4762
4223
4625
4054
3402
4157
3617
4026
4420
5007
3602
3637
3222
3635
4824
4508
4385
4613
4338
4855
5128
4456
3619
3845
3255
3566
3008
3454
3231
3333
2961
3483
4113
3208
3167
3305
3382
3161
3297
3397
3890
4912
4038
4495
3990
3696
3580
3687
3965
3784
3363
4056
3252
3315
4474
5844
3647
3700
3738
3752
3453
3206
4555
4380
3332
3405
3393
3203
3649
3195
3427
3153
3871
3573
3542
3453
3457
3768
3205
3522
3201
3375
3230
3199
5565
4093
4554
3264
4057
3958
3288
3483
3166
8201
5772
10421
6694