917965
39433
30103
25640
21563
23660
19605
21399
19663
20286
17708
16585
16676
18158
15639
15470
15191
14047
13805
16047
11798
15301
12077
13330
12354
16384
11722
11726
12266
10110
12760
14136
13052
11138
11265
11872
13138
9783
11463
10238
12429
11059
13339
10221
9095
8960
9599
9924
9517
10745
9795
10551
9781
8763
7905
9092
9318
8393
7496
8290
9773
8153
7155
9156
7467
7810
8097
8039
8239
7577
10539
7557
9099
9029
9378
9449
8389
7259
8863
8517
7028
8970
7859
9580
9970
13298
11324
9800
9092
9673
6838
6802
7552
8158
7727
10335
7640
7675
6294
6930
6968
7260
8020
7262
7033
7052
7165
9337
8739
11129
7241
7013
6774
8579
7272
7682
6635
8635
7960
9409
7816
8406
8355
9038
6635
6358
6870
9936
8057
6249
6396
6171
6416
5986
6788
6502
7118
10090
6559
8513
9248
9056
8625
11512
7813
8070
7658
7577
9048
7641
7129
7357
7003
7012
10158
7234
6931
8648
9278
7100
7091
7205
6789
6904
7140
6925
6849
6875
6770
6989
8347
12399
8556
6763
7627
6518
6555
6983
6840
6770
7129
6819
6402
6597
7162
7727
9366
10897
9814
7163
6527
8691
7048
6627
7574
7054
6947
7022
6450
7080
6258
6743
6730
6822
9424
6930
9069
7846
8175
10579
9064
11436
9654
9540
9400
7930
7929
8083
6576
6370
6675
7152
6371
6749
6245
6665
6870
7444
5892
5943
6188
7281
7157
7093
6060
7933
6253
6158
5398
5429
5917
6649
6264
6261
6836
5387
6103
7661
5988
6851
6949
7575
5721
5467
7275
11537
9121
6600
8324
6532
7013
6047
6086
5852
6150
6467
6369
5928
7429
5459
5728
8092
6872
7704
5500
5906
6222
5914
5902
5471
5551
5485
5849
5832
6423
5956
7110
6758
7602
6913
5787
6902
8623
6318
5943
5723
5578
6000
7156
6110
5912
5762
4828
4927
4966
5053
5051
5871
7296
5654
6706
9165
6423
7874
6374
8301
6955
6820
6207
7487
8205
8473
5924
8269
7226
5857
7181
6451
6640
6360
7745
5413
8662
5268
5263
5113
4986
5380
5370
5253
5229
8205
5614
5093
4945
4570
5194
4875
4875
4964
4713
4533
4695
6945
4729
5705
5017
5151
4647
5626
5376
5407
7204
6776
6218
7111
5434
6266
5927
6598
5354
5141
5872
5087
6322
5021
5068
5349
5430
5154
5340
4686
4946
7077
6019
5311
4685
4517
4677
4358
4311
4599
4828
4923
4511
4754
6001
5448
5372
5146
4835
4698
4577
4922
4306
4952
4562
4412
4403
5557
4559
5206
4691
4782
4566
5196
4506
6278
4825
5280
5195
5714
6884
5294
5096
8109
6454
5616
6533
7399
4963
4836
6419
5155
5700
5151
4944
4424
6094
4895
4397
4323
5041
4464
4679
4804
5059
5096
5145
5044
4763
4206
4152
4152
5281
5743
4602
7299
5003
5196
6654
5153
4763
8080
4600
4830
5342
6245
5348
5727
4776
4870
4534
4374
4513
5257
4448
4748
6194
4411
4567
6250
4777
4837
4614
4908
4460
4657
4926
4528
5521
5369
5292
6791
7175
7522
6214
10142
6258
5590
10623
5285
6203
7617
5059
6020
8731
5324
7073
6138
5976
9068
8054
4931
5179
4507
5246
4426
5414
4093
4861
4571
4464
4565
5873
4605
4089
5139
4253
4006
4245
4492
4067
3863
3909
4148
4079
3958
3839
4325
4973
4418
4193
5131
4815
5914
5071
5706
6298
4904
4906
5312
4994
4337
4467
5373
5204
4529
4761
4151
4721
4526
4834
4239
4243
4353
3890
6711
4459
4518
4279
5245
3922
4336
4506
4565
4766
4652
4463
4612
4354
4503
4161
4978
4688
4070
5072
5090
4337
5357
4009
4705
4672
4659
4125
5279
4178
5223
4324
5188
4717
4258
4464
4563
4344
4464
4534
4783
4460
4038
6807
4933
4648
4438
5856
4879
5048
4657
4918
4792
5082
4340
4276
4553
4743
4685
4223
4522
5709
5759
4328
4908
6298
4940
4443
4724
5736
4430
4301
8187
4680
5242
4382
4426
3888
4144
4124
4746
3795
4025
3776
5483
4094
5668
4265
5458
4079
5005
5720
4625
4204
5029
4816
4334
4127
4549
3817
4498
4300
4221
4891
4453
4400
4207
3939
5345
4353
3927
4170
4208
4370
4094
6765
5169
4035
3960
3735
4433
4172
3792
3836
3954
4202
4768
3915
4560
4056
5710
3994
4269
3848
4118
3775
3639
3904
4068
3777
3912
4373
3968
3825
3493
3888
3755
4433
4044
3819
3714
4871
5696
4417
3925
3850
4871
3919
5007
4525
5622
4356
4444
4584
4327
4505
4292
4348
5003
4290
4430
3734
4184
6334
4347
3830
4120
4684
3959
4795
4026
4350
3795
3610
4111
4458
4109
4155
4258
4484
4095
4111
3908
3714
4050
5068
3718
3635
4779
4972
5836
5341
5384
4279
4634
4285
4271
4034
4352
4300
3606
4195
4783
4509
4471
5472
6424
4181
4806
4222
3995
3925
3967
3954
3861
3791
3764
3720
4273
3945
3832
3872
3671
4033
3794
3905
4230
3789
4894
3542
3669
3782
4145
4064
3602
4624
4258
4151
3567
3897
4044
3744
4553
3848
3867
3616
3934
4317
4555
5303
4442
3797
3984
4235
3942
3917
3728
4616
4144
3768
5229
4774
3989
4486
4466
6886
4613
4378
4365
4407
4473
5714
4081
4148
4140
3892
3977
3918
4834
5168
3903
5570
4619
4245
4782
5547
4443
4680
4963
5382
4158
5219
4485
6902
3657
5660
4023
3939
3953
5481
3910
5211
4069
4144
4182
4607
4849
6583
4584
4021
4502
5202
4103
5918
5340
4052
3588
4268
4371
4198
3878
3826
3813
3538
4102
3987
4131
3607
4380
4349
3554
3882
4375
3961
4576
3687
5060
4099
3678
3936
4044
3914
4444
3559
3798
4957
5120
4112
4032
5874
4599
4963
4113
4462
3981
3995
4530
4194
5606
4576
4221
3982
4546
3541
4462
3570
3863
3851
4395
3562
3400
3691
3635
3993
3523
3864
4506
3689
3863
6822
3912
4230
3809
3740
3571
3740
4073
3545
4094
3478
3997
3920
4084
3647
4007
3879
3423
4281
3587
3982
3692
4702
3991
3464
3780
3978
3657
4358
3461
4009
3678
4354
3652
4255
3628
3758
3716
3563
5050
3810
3977
4400
3552
5083
3653
3957
5017
4476
4840
4364
3742
4488
3973
4354
4743
5335
3842
3937
3471
3886
5118
4753
4841
5028
4673
5120
5446
4849
3940
4065
3485
3806
3193
3687
3422
3563
3224
3751
4417
3436
3393
3575
3600
3356
3482
3591
4114
5189
4301
4746
4314
3964
3903
4034
4209
4041
3560
4246
3510
3575
4792
6218
3895
3990
3965
3984
3639
3478
4790
4582
3637
3645
3685
3419
3916
3437
3727
3335
4119
3885
3856
3695
3691
4239
3496
3793
3450
3678
3414
3444
5811
4433
4885
3481
4342
4288
3513
3727
3395
8571
6087
10726
7006