1042257
64478
35787
25463
25622
24256
19493
25950
21060
20661
15943
17933
19242
15869
17946
14412
12855
13338
12133
12059
11676
15479
11490
13782
11746
12866
10508
10390
11664
12029
9600
11629
10651
9661
10792
11343
14012
13179
8885
9715
12351
11941
13778
9492
8645
8631
9742
11277
7966
7080
8068
8553
7891
8478
8814
7555
8581
10326
8223
7266
9478
7254
8590
9696
10883
7802
8855
8073
12603
8457
9205
7004
7637
8676
7373
8333
7946
7499
10813
7223
8676
10176
10625
9921
9359
14838
8273
8190
9351
10793
8049
9922
7280
7403
6885
8374
7942
7686
7376
6909
8704
6988
7340
6871
8768
6101
6484
7302
7905
6347
6487
6504
5942
7470
7497
6426
6207
9991
5979
6255
6874
7510
7205
8249
7121
6976
7035
9496
7586
6750
8276
6492
7908
10337
9393
8849
9387
7446
6209
5756
6351
6213
6753
5990
7229
6358
11003
6792
6388
7026
6377
6344
6773
5886
6311
5878
5769
7304
5911
7740
6849
5764
9673
6150
6454
8206
6502
8865
6586
6829
9630
8151
7684
5804
7816
6771
9548
6665
10123
6581
11115
7291
7283
6650
6189
6171
9221
7188
6393
6278
6205
8657
6640
6277
8592
6129
6785
7670
9197
8870
8835
7910
8113
7927
8736
6748
7075
7792
6108
7879
6762
9332
6672
9309
8391
7108
6516
6450
6646
6335
5942
6165
7075
6816
5801
5844
6076
10518
6680
6166
7235
6523
6878
6368
7315
5808
5684
7128
6066
6238
5898
6370
6751
6217
5227
5505
5984
5444
5765
6051
5283
5689
5153
5286
7499
9313
8258
5020
5791
5318
4997
5459
5664
5262
5233
5200
5283
5267
5251
6142
5603
6841
5945
6515
7783
5797
5572
5514
5211
7616
5040
5701
5169
5096
5037
5109
6301
5662
6307
5662
5899
5872
5958
5972
7116
6362
5802
5473
5487
5194
5422
5222
5939
5749
5300
5869
6422
6144
5514
6532
5334
6275
6560
4783
6934
5135
4797
5572
5822
5776
5084
4958
5180
5196
5385
5278
4923
4914
4709
4894
4520
5790
5082
4627
4752
5699
4853
4628
5769
5655
5465
12402
6443
5906
5914
4945
5098
4813
5119
5087
4851
4664
5184
5229
5261
6322
4741
4658
4963
4906
4528
4862
5481
5608
5265
5103
4770
4825
4350
4906
4314
4764
5029
4798
4649
4819
6235
4765
4736
4745
4694
5336
5156
7956
6647
5509
4764
4706
5114
4866
4491
4790
5540
4655
6614
8013
9136
5405
5143
4839
5190
4846
5032
4770
4753
4683
4972
4422
4571
5646
5010
4909
4252
4545
5004
5279
5919
4486
5321
4851
4705
4350
4760
4860
4209
4391
6055
5774
6575
5583
6231
5239
5013
5625
5639
5359
4990
5671
5105
4827
4576
4242
5105
6156
4958
5401
5011
4797
4892
4927
4686
4362
4823
4675
4527
4469
4324
4099
5643
4528
4647
4590
4949
4017
4290
4507
4921
4736
4301
5061
4576
4160
4288
4473
4103
4665
4069
4177
5297
4525
4310
4372
4323
4103
4976
4635
5225
4963
4688
6253
5062
4962
5048
4437
4947
5816
4122
4237
4762
5455
4401
4362
4728
4797
4453
4823
3919
4601
4587
4044
4875
8147
5536
4416
4844
4665
4298
4855
4977
6181
5485
6664
5872
4721
5179
5256
5596
7309
4683
5448
4823
4885
4587
4201
4390
4338
4748
4686
4597
4796
5558
4899
4880
4551
5029
4783
4669
4400
4289
4442
4302
4141
4693
4311
3945
4420
4756
4203
4440
4203
5830
4615
4556
5062
4752
4710
4836
5056
5107
4106
4436
5319
4613
5656
4618
5266
6209
4691
4429
5254
4039
5191
4499
5034
4341
4654
4812
5312
5172
4633
5311
4657
4574
3991
5184
4122
3965
4613
5131
4218
4374
4653
5667
3900
4388
3956
4014
4125
4261
4043
4292
3911
4026
4365
4062
4060
4151
4576
4240
4248
5574
4600
5878
4234
4399
4298
5123
4554
4593
4256
5552
4755
4419
4532
4534
4131
4067
4380
4208
4922
6439
4513
4203
5415
4354
4050
4799
3903
4078
4020
4357
4201
4224
4125
4070
4027
4238
4091
4124
4930
3857
4044
5032
4322
7017
5053
4545
5181
5016
4445
4406
4349
4218
4042
3830
4647
4216
4353
3783
4549
4354
6445
5742
5454
5790
4686
4180
4037
4329
4012
4011
4188
3785
3946
4496
3939
4211
3821
3908
4310
4099
3731
4789
4411
3944
5170
4447
3929
4247
4275
4258
5257
4205
3983
4035
4470
3846
4176
4524
4217
4369
4276
4055
4628
3892
4486
8652
4535
5087
5556
5554
4628
4335
4889
4522
3922
4656
4199
3682
4380
4081
4218
3776
4081
4720
4718
5515
4627
4866
5198
4070
3718
3976
3933
4251
3856
3819
4116
3983
3690
3880
4336
4051
3809
3749
4550
5339
6315
5034
5875
4814
5327
5886
5330
6620
7420
6391
6589
4858
4613
4612
4545
4173
5173
4070
4467
4422
4392
4878
3845
3962
3663
3778
3490
4010
3813
3725
4131
4782
3519
4020
3439
4018
3858
3435
3930
3585
4096
5947
3775
3745
3901
4096
3810
3690
3762
3966
3577
3475
4351
5045
5691
5272
4910
5732
4672
4398
6662
5798
6192
7584
6148
5198
7238
6018
4784
6329
4510
5627
3944
5819
6053
6014
5339
4488
4561
4321
4338
4886
3960
6197
3955
3977
3860
3785
3442
3414
3698
4127
4274
3640
3825
3600
4028
3901
3811
4084
3725
4751
4457
4098
5035
4660
4982
3918
4386
4324
4022
3934
4049
3834
4389
3820
4273
4080
4400
3682
4681
3757
4815
3929
4829
3842
3833
3480
4393
4337
4077
3870
3788
3678
3756
3657
4300
3968
4126
4004
3653
4051
3541
4252
4251
4432
3727
4106
3635
3825
3520
3873
3386
3594
4402
3599
3587
3635
4094
3669
3488
3775
4051
3686
3575
3825
5344
4903
4182
4246
5235
6673
4178
4432
4917
4863
3655
4117
5061
3847
3746
3909
4373
4005
3596
4531
6567
4200
4649
5004
3783
3674
3980
4171
3571
3684
3392
3834
3514
3983
3608
3300
3738
3321
3578
3702
3932
5163
3777
3900
3887
4555
4763
4536
3742
4924
4136
4271
5040
5701
6339
4558
4514
6087
4541
4889
6144
3598
5307
4158
5557
4093
4160
4389
5640
4203
5171
3963
3999
4246
3694
3941
5887
5138
5892
4028
3988
3776
3796
5556
4611
4195
3696
3704
4184
4435
5915
5743
3575
3393
3683
3591
3224
3462
3222
3613
3201
3505
3477
3425
4719
3524
3971
4169
3502
3675
3550
4160
4168
3564
3734
3548
4124
3897
4338
4863
6405
3827
5465
3904
7850
4069
3814
6890
3947
4379
3589
3944
3748
3662
4666
3749
3783
4898
3377
3605
4238
3587
3875
3918
3851
6395
4302
3872
3929
3452
3687
3594
3540
4615
5418
4460
4644
6034
4471
3927
3908
3969
3683
3870
3465
3880
4451