1058396
65004
36255
25904
26074
24616
19940
26334
21413
20955
16375
18344
19579
16167
18338
14941
13254
13712
12499
12388
12051
15798
11820
14118
12183
13191
10838
10744
12091
12472
9946
11930
11115
10058
11360
11815
14433
13609
9250
9987
12671
12343
14331
9873
9151
9036
10113
11633
8290
7389
8399
8844
8156
8762
9228
7870
8872
10692
8592
7582
9763
7580
8975
10050
11196
8187
9206
8457
13273
8928
9497
7962
8030
8999
7748
8606
8320
7907
11128
7583
9047
10498
11028
10282
9696
15196
8657
8828
9724
11117
8436
10324
7574
7756
7219
8705
8355
8023
7766
7175
9265
7374
7687
7145
9053
6371
6797
7591
8280
6642
6864
6795
6273
7854
7939
6915
6497
10297
6310
6655
7197
7820
7566
8610
7485
7462
7471
10076
7886
7023
8632
6979
8233
10667
9765
9215
9807
7887
6708
6079
6657
6548
7043
6278
7569
6677
11317
7147
6746
7373
6738
6656
7113
6217
6736
6222
6154
7602
6290
8084
7200
6081
10096
6496
7013
8697
6888
9244
6979
7168
10037
8518
8019
6194
8166
7042
9848
7118
10507
6867
11588
7679
7632
6945
6496
6432
9547
7652
6663
6686
6543
8928
7128
6641
8956
6490
7130
7991
9518
9242
9164
8281
8445
8383
9065
7093
7388
8074
6459
8243
7094
9713
7003
9642
8819
7555
6928
6852
7112
6815
6283
6512
7409
7279
6123
6222
6403
10911
7048
6527
7605
6858
7217
6678
7625
6093
6022
7509
6441
6556
6176
6639
7052
6550
5546
5837
6293
5730
6091
6437
5593
6169
5557
5617
7874
9842
8700
5260
6057
5743
5310
5976
5932
5509
5503
5593
5606
5538
5519
6472
5931
7197
6341
7037
8144
6143
5962
5811
5666
7895
5311
6036
5446
5376
5438
5415
6637
6012
6686
5965
6265
6253
6318
6305
7447
6653
6135
5731
5819
5449
5720
5484
6263
6193
5621
6144
6748
6433
5791
6840
5634
6606
6850
5137
7353
5416
5079
5884
6241
6165
5409
5263
5510
5512
5669
5722
5242
5200
4972
5256
4817
6185
5342
4925
5152
6091
5198
4888
6032
6007
5776
12776
6741
6247
6177
5303
5512
5143
5591
5371
5172
5096
5611
5529
5704
6680
5052
4992
5258
5203
4834
5155
5718
6011
5602
5507
5102
5101
4626
5182
4560
5055
5352
5345
4978
5097
6540
5163
5101
5247
5023
5690
5593
8717
6977
5799
5145
4949
5442
5150
4738
5106
5853
4885
6872
8280
9438
5694
5421
5136
5492
5199
5354
5061
5025
4967
5234
4697
4824
5874
5226
5187
4551
4977
5310
5753
6230
4710
5653
5131
5025
4558
4991
5129
4471
4712
6391
6033
6873
5859
6530
5669
5323
5922
5884
5656
5286
5962
5321
5094
4858
4473
5484
6430
5307
5671
5359
5079
5202
5162
4987
4663
5216
4889
4790
4700
4673
4346
5941
4802
4902
4770
5242
4232
4519
4758
5204
5002
4557
5287
4883
4385
4590
4732
4387
4962
4421
4448
5523
4800
4567
4661
4651
4430
5260
4896
5517
5247
5079
6597
5371
5266
5401
4724
5286
6120
4397
4458
5031
5680
4648
4649
5000
5053
4754
5104
4187
4878
4895
4319
5101
8441
5793
4665
5071
4923
4524
5161
5243
6457
5708
6982
6152
5036
5476
5580
5886
7585
5023
5800
5093
5124
4995
4594
4640
4576
4994
4977
4867
5113
5816
5200
5095
4831
5296
5030
4924
4674
4696
4769
4583
4430
4995
4547
4175
4682
5038
4537
4723
4457
6059
4840
4802
5302
5324
4970
5113
5378
5356
4324
4675
5608
4906
5918
4879
5537
6492
5020
4690
5482
4339
5423
4729
5327
4665
5029
5135
5603
5471
5011
5597
4987
4943
4276
5469
4446
4321
4941
5467
4453
4672
4938
5950
4177
4688
4227
4294
4394
4558
4327
4684
4216
4364
4621
4333
4428
4469
4925
4486
4504
5847
4907
6161
4498
4701
4599
5379
4905
4904
4572
5876
5092
4813
4938
4834
4456
4391
4718
4589
5347
6856
4767
4406
5687
4672
4379
5085
4126
4276
4341
4683
4461
4432
4391
4316
4223
4492
4315
4281
5163
4152
4244
5300
4594
7265
5288
4774
5488
5284
5012
4670
4646
4509
4312
4117
4923
4481
4586
4239
4879
4629
6784
6085
5717
6022
4910
4387
4312
4627
4324
4288
4379
4047
4177
4805
4247
4519
4089
4192
4511
4390
3980
5108
4724
4177
5419
4715
4131
4500
4471
4532
5473
4442
4182
4427
4716
4159
4587
4827
4424
4667
4570
4406
4854
4175
4718
8910
4791
5367
5781
5803
4947
4549
5176
4835
4107
5044
4461
3893
4674
4451
4430
4015
4384
4984
5017
5874
4980
5187
5540
4363
4002
4229
4202
4612
4083
4131
4342
4270
3925
4121
4605
4237
4028
3984
4774
5566
6510
5598
6172
5043
5590
6134
5550
7116
7675
6619
6872
5111
4955
4857
4795
4464
5437
4346
4734
4714
4658
5167
4077
4195
3897
4023
3728
4253
4054
3975
4487
5039
3738
4208
3627
4338
4112
3635
4112
3765
4372
6190
3990
3984
4150
4320
4038
3888
4035
4202
3793
3677
4604
5309
5980
5542
5159
6028
5037
4656
7288
6066
6460
7820
6356
5559
7510
6254
5070
6599
4781
5867
4199
6091
6285
6400
5658
4751
4914
4750
4643
5157
4222
6425
4154
4199
4052
3991
3768
3607
3943
4425
4528
3917
4035
3827
4270
4234
4083
4278
3918
5019
4711
4364
5387
5015
5296
4218
4622
4573
4286
4250
4276
4144
4691
4191
4548
4338
4665
3995
5074
4077
5104
4145
5117
4125
4091
3698
4600
4667
4269
4106
4038
3927
4036
3872
4553
4229
4399
4353
3856
4310
3891
4510
4497
4741
3963
4355
3818
4114
3715
4118
3638
3885
4686
3818
3784
3908
4423
3909
3765
4065
4457
3918
3787
4060
5599
5102
4481
4534
5546
6895
4479
4683
5158
5084
3864
4317
5294
4045
3992
4223
4652
4242
3841
4819
6869
4510
4978
5261
4064
3956
4293
4431
3785
4059
3534
4020
3800
4289
3905
3473
4013
3498
3761
3905
4212
5405
3985
4104
4190
4789
5072
4796
4013
5222
4410
4534
5334
5958
6600
4822
4836
6333
4879
5203
6359
3858
5521
4497
5870
4336
4402
4655
5952
4486
5418
4266
4271
4471
3950
4241
6246
5493
6180
4280
4267
4030
4019
5781
4894
4405
3970
3990
4450
4775
6503
6091
3901
3622
3965
3831
3442
3651
3423
3847
3444
3924
3750
3666
4980
3716
4186
4482
3698
3917
3772
4527
4465
3777
3950
3774
4362
4191
4618
5104
6697
4156
5842
4179
8153
4311
4128
7304
4198
4665
3853
4151
4049
3909
4973
4172
4000
5237
3618
3808
4468
3992
4201
4176
4106
6647
4566
4152
4277
3680
4000
3871
3852
4868
5760
4750
4896
6288
4822
4183
4152
4266
3923
4069
3734
4088
4707