913627
41587
28469
23685
22091
22715
19201
20172
21385
21277
16388
18573
15894
16992
15853
16141
13663
14041
14238
13223
11866
16164
11026
13364
12029
11406
10741
11646
17630
12647
11455
14868
10973
9924
10960
9896
11679
9462
12345
10676
8971
8689
10527
9195
8617
8173
11656
10234
10657
11403
11535
12115
8928
9323
8959
8162
11909
8267
19007
13024
12106
9189
8213
12571
9947
8430
10045
10474
7604
9269
9089
8655
8630
8714
8344
11022
10151
13229
13474
11483
10144
10016
8410
11227
9017
16164
9480
10391
10051
9837
8810
9821
10303
9049
10307
10345
7879
9744
7832
8164
7602
10380
8514
7000
6736
7205
7615
11476
8350
10954
8257
7563
7012
9080
7963
10698
7205
7097
7257
7425
9095
7253
7067
6738
6533
7751
8518
13380
13355
12989
9617
7609
8225
6453
6835
6649
8212
7211
7886
7282
11588
10228
6713
7439
6790
8991
9621
8396
6679
6420
7256
8328
9220
6794
7522
8873
6995
12919
6254
6797
6658
6263
7333
6143
8804
6050
6091
6601
6184
5981
9699
7156
7178
6477
8630
9558
6909
6720
7490
8385
6127
6244
6062
6265
6402
6392
8075
8902
6875
6985
10903
8716
9106
7205
6728
6684
6523
7237
7347
6921
6505
11732
6446
12779
10991
6657
6517
8212
6609
6469
9734
6083
6859
6544
7089
9311
8958
9682
8679
7433
5722
7012
7035
6069
8084
5799
6224
10190
6232
6825
7699
6979
5764
7286
6897
7004
6866
8063
8878
6505
7224
6127
5821
5541
5289
5545
5527
5920
5676
6271
6155
5930
5767
6191
6361
12754
7663
7962
6620
7281
5870
6048
6319
6131
5847
6020
5163
6192
5363
5716
5645
7773
7157
8059
5889
5409
5293
5215
5267
8937
5426
5797
5274
5814
5762
6913
9003
6416
7446
6740
7749
5700
8546
7668
6807
8519
8587
8095
7585
6153
5620
5760
5508
5543
5702
5831
6206
5378
7117
5851
5561
7374
7903
5538
5195
5379
7798
7275
5003
5914
5648
5387
5600
5110
5870
5102
6268
5921
5655
6290
5309
7055
6193
5716
5682
7754
5385
7108
5222
4985
5579
11838
6572
5545
4842
5545
5457
5538
5648
5027
4912
5135
6162
5570
5378
4899
4710
4690
5320
5890
5562
5238
5880
7091
5693
5488
5661
6054
7794
5074
5062
6954
6855
6380
4912
5098
5623
5337
5123
4931
5315
5318
4780
5961
6113
4726
5075
4647
4779
4766
5702
5828
5231
5042
6434
5173
5393
6542
5493
5113
5547
4653
5369
7286
4909
6273
4773
4702
4760
7476
5544
5163
6363
5521
6577
5984
5593
5072
4944
5464
5651
5268
6183
5133
5035
4684
5019
4728
4675
4744
4468
4523
4957
5056
4734
6071
4820
4912
4594
4181
4655
4190
4567
4343
6035
5593
6344
7486
8073
10304
7710
8282
6354
6235
11947
5853
9100
8796
5289
5556
7373
6015
5123
5854
4418
7704
4278
5104
4311
7270
5182
4956
5687
4460
4631
4385
5216
6098
5734
5351
5292
5406
4726
5114
5799
5229
5281
4551
4789
5291
4492
4375
4739
4892
4210
4336
4337
4834
5592
4141
5471
4671
4335
4223
4881
4054
4820
3993
4432
4373
5116
8802
5429
5014
4479
5702
4808
4816
4682
7057
4240
4615
5017
4127
4953
4646
3827
4113
4620
3789
4691
4021
4458
4279
4227
3970
4709
3699
4262
4235
5476
4011
4554
4475
5228
4683
5029
4788
4390
4027
4422
4806
4224
4477
5746
4568
4304
4466
5092
4200
4810
6963
7210
4332
3914
3958
4430
4073
4155
4622
4830
4302
4765
4234
4060
5337
5834
4721
4348
4696
5035
4259
6547
4556
4303
4396
4130
4547
4486
3991
5960
5321
6409
4286
4406
4227
4407
4101
3975
3932
3992
4119
4643
4732
4441
3884
4016
4152
4410
3760
4380
5296
4148
4188
4682
4894
4215
4968
5475
4513
4734
4507
4918
4044
5802
4853
4643
3853
4339
4315
4578
4663
4674
4519
4646
4423
4547
4362
4457
5517
4425
3909
4222
4321
4089
4801
4163
4039
3965
4205
4041
4064
3694
4188
4255
3849
4150
4115
3870
3845
3773
4443
4059
3861
4006
4033
4807
5091
3567
3779
4308
4370
3676
3609
3778
5860
4881
3856
4093
4450
4354
4864
9357
5216
4496
4605
4218
5424
4214
4176
3723
4314
3813
3794
4183
4182
4290
4155
4155
4186
4409
3646
3835
3654
4234
3978
4106
4111
5693
4002
3837
3568
3931
3998
3661
3796
4131
3850
5457
3894
3952
4840
5406
4356
4692
5156
4678
4241
4313
5140
4013
4082
4154
3695
3831
4013
3910
4387
3900
4642
3853
4022
4255
4161
3746
3958
4575
3713
4142
3709
4023
5351
4296
3976
4410
4308
4114
4068
4048
4139
4591
3876
4153
4158
3838
4138
3764
4810
5483
4149
3652
4116
5677
3469
3949
3907
4621
4076
3920
3843
4529
3502
3688
3913
4624
4698
4056
4045
4826
4173
4095
4128
4695
5515
4566
4789
6168
4488
3929
4969
5138
3910
4421
3899
4044
3801
4337
3769
4147
3754
4415
3930
3647
3829
4586
3513
4001
3508
3606
3426
3816
3916
3906
3576
3653
4261
4184
4313
4455
4190
6987
4727
4445
4736
5549
5922
5378
4759
4623
4003
6153
3980
4899
3841
3565
3913
3613
3945
3420
3692
4551
3752
3967
3566
3511
3719
4477
3577
3795
3690
4736
3735
3835
3800
4730
4179
5705
4337
4091
3963
5796
4114
4742
5194
6428
5456
7312
7267
5237
6235
3822
4665
4303
4218
4188
6160
3369
3827
4777
3814
3851
3789
3782
3878
3499
3876
3748
3951
4498
3969
3559
3774
3780
3902
3394
3365
3894
4053
3277
3350
3785
3691
4602
3795
3614
5660
6373
4717
4022
4829
6247
4109
4639
4234
4025
3405
3698
3419
3706
3674
3831
4509
3934
3832
3518
3710
4396
3438
3962
4735
3886
4839
4557
3507
5536
7087
6116
6095
6162
6207
5216
3677
3800
3469
3911
3327
3565
3943
3204
3842
3315
3793
3357
3197
3706
3538
4631
3404
3430
3664
3457
3660
3237
3976
3982
6537
3918
3541
3693
3911
3515
3667
3199
3499
3854
4546
4281
5111
4194
3970
4149
3614
5130
3693
3850
3971
3369
3532
3398
3651
4046
3557
4531
3590
4250
3882
3362
3303
3204
3708
3795
3584
3078
3393
3727
3306
3223
4616
4192
3917
3739
4174
4002
6545
4668
3580
3684
3481
3564
4195
4320
3821
3818
4302
3622
4670
3870
3428
4380
3672
3721
5017
7759
5422
3621
3699
3466
3156
3989
3725
3747
3944
3366
3189
3516
4005
3521
3558
3441
3425
3576
4024
3486
3591
3501
4271
3775
4031
7792
7487
4311
5649
5307
4135
3965
4063
4385
3263
4023
3950
3805
3907
3580
3563
3892
3583
4374
4488
4994
4002
3966
3312
3328
3334
4653
3856
3472
3262
3591
3871