929514
42012
28863
24081
22461
23141
19608
20737
21866
21652
16795
18935
16322
17306
16308
16764
14049
14415
14592
13585
12218
16462
11351
13788
12454
11754
11112
12438
18104
13011
12021
15334
11287
10225
11461
10360
12149
9754
12774
11063
9359
9160
10940
9609
8918
8523
12053
10538
11008
11760
11865
12395
9276
9702
9343
8466
12194
8577
19512
13444
12486
9534
8636
13658
10295
8729
10475
10860
8030
9662
9469
9023
8942
9003
8685
11400
10578
15878
13805
11932
10589
10514
9098
11686
9465
16626
9859
10790
10401
10212
9115
10196
10645
9446
10696
10714
8247
10082
8300
8526
8142
10757
8879
7317
7098
7553
8121
11830
8672
11533
8722
7988
7387
9585
8374
11098
7536
7478
7676
7781
9454
7529
7367
7238
7691
8272
8932
13783
13674
13403
10004
8074
8621
6796
7143
7003
8597
7623
8277
7693
11926
10603
7013
7736
7102
9302
9950
8746
7079
6740
7625
8749
9599
7172
7903
9202
7383
13236
6587
7218
6974
6626
7715
6444
9366
6441
6499
7067
6561
6327
10009
7453
7563
6829
8972
9921
7250
7040
7840
8732
6466
6556
6399
6582
6747
6745
8428
9602
7190
7378
11371
9350
9463
7578
7271
7027
7035
7624
7824
7289
6847
12120
6799
13256
11416
6942
6862
8553
6953
6880
10054
6414
7208
6868
7442
9676
9371
10128
9379
7800
6085
7464
7456
6340
8441
6104
6542
10617
6575
7173
8068
7358
6126
7642
7344
7425
7242
8422
9195
6805
7560
6459
6251
5883
5604
5858
5901
6247
6080
6829
6511
6335
6137
6502
6817
13266
8047
8282
7040
7710
6223
6368
6683
6465
6142
6321
5473
6495
5663
6046
6026
8115
7539
8376
6166
5817
5635
5503
5540
9430
5776
6083
5590
6192
6111
7264
9357
6726
7754
7047
8152
6082
9019
7995
7150
8826
8860
8454
7861
6516
5914
6035
5789
5886
6036
6158
6494
5729
7389
6194
5875
7701
8237
5831
5515
5694
8144
7579
5290
6211
5972
5637
5938
5372
6202
5416
6687
6219
5977
6592
5631
7395
6512
6041
6030
8094
5723
7426
5544
5300
6031
12120
6885
5830
5165
6005
5820
5806
6006
5348
5223
5528
6487
5918
5704
5164
5014
5079
5599
6246
5900
5613
6339
7654
6098
5881
6059
6362
8331
5416
5333
7285
7194
6752
5220
5466
5896
5678
5456
5293
5676
5988
5094
6889
6434
5003
5338
4954
5068
5050
5969
6105
5537
5306
6755
5475
5751
6851
5797
5456
5796
5046
5646
7744
5210
6574
5051
4996
5034
7788
5877
5442
6649
5858
6816
6286
5909
5356
5194
5750
5906
5557
6459
5437
5280
4902
5242
4958
4964
4993
4797
4759
5249
5323
4963
6397
5116
5215
4892
4483
4915
4488
4818
4570
6298
5822
6627
7900
8429
10677
8028
8568
6667
6527
12188
6148
9386
9120
5635
5830
7699
6289
5381
6074
4654
7965
4568
5366
4545
7523
5472
5285
5986
4743
4845
4730
5716
6363
5971
5643
5554
5752
5074
5371
6051
5526
5589
4861
5059
5617
4873
4647
5024
5139
4480
4559
4619
5063
5886
4392
5688
4878
4551
4432
5123
4311
5017
4258
4763
4578
5447
9125
5744
5360
4734
6014
5096
5151
4991
7370
4516
4939
5368
4344
5220
4929
4101
4353
4842
3993
4999
4286
4698
4507
4463
4169
5011
3995
4641
4456
5690
4284
4854
4723
5475
5009
5303
5008
4690
4336
4736
5044
4479
4773
6072
4831
4554
4795
5381
4558
5087
7199
7500
4591
4203
4220
4695
4393
4443
4905
5058
4512
5146
4457
4343
5619
6181
4987
4688
4946
5318
4581
6834
5001
4580
4635
4364
4806
4798
4304
6205
5587
6748
4647
4770
4491
4715
4368
4312
4261
4277
4338
4959
5082
4683
4156
4270
4438
4666
4136
4650
5569
4431
4461
4928
5237
4510
5269
5721
4829
5010
4830
5176
4319
6075
5074
5078
4158
4840
4537
4876
4890
5025
4740
4899
4664
4848
4684
4734
6131
4727
4167
4519
4562
4328
5036
4543
4268
4218
4519
4269
4381
3980
4538
4545
4138
4480
4490
4046
4107
4072
4764
4360
4126
4246
4229
5034
5330
3883
3972
4683
4661
3907
3835
3995
6023
5093
4156
4457
4697
4752
5198
9714
5477
4783
4902
4618
5838
4453
4449
3955
4548
4038
3946
4388
4446
4503
4427
4372
4466
4665
3862
4046
3843
4474
4223
4529
4371
5871
4205
4069
3808
4106
4238
3835
4024
4318
4207
5760
4100
4186
5087
5679
4663
4942
5371
4987
4515
4588
5364
4249
4299
4422
3950
4086
4222
4191
4654
4114
4919
4058
4274
4589
4449
3938
4211
4838
3920
4364
3952
4289
5624
4567
4235
4751
4568
4317
4312
4289
4368
4859
4141
4438
4408
4117
4368
3988
5055
5718
4402
3887
4347
5911
3683
4276
4162
4868
4393
4181
4125
4711
3681
3929
4234
4942
4998
4375
4374
5148
4432
4431
4479
4984
5804
4857
5064
6408
4760
4208
5294
5412
4211
4703
4117
4359
4064
4592
4065
4396
3981
4653
4163
3850
4039
4819
3772
4232
3699
3801
3700
4033
4132
4192
3824
3951
4543
4468
4628
4746
4475
7360
5116
4733
4991
5816
6155
5697
5039
4926
4280
6476
4230
5224
4095
3742
4195
3820
4193
3708
3907
4906
4003
4210
3789
3734
3972
4698
3796
4063
3998
5028
4010
4079
4074
4978
4479
6093
4577
4307
4212
6145
4360
5039
5455
6654
5755
7575
7577
5518
6527
4044
4950
4597
4490
4472
6446
3587
4102
5050
4055
4099
4237
4079
4075
3919
4098
3968
4129
4704
4202
3753
4012
4011
4104
3624
3591
4291
4322
3522
3582
4070
3873
4808
4113
3833
5893
6676
5041
4354
5078
6513
4476
4883
4473
4256
3722
3897
3646
3945
3932
4064
4815
4314
4029
3758
3973
4615
3737
4221
5109
4231
5085
4890
3703
5809
7273
6391
6295
6368
6531
5473
3906
3987
3737
4141
3588
3766
4172
3414
4084
3514
4137
3711
3397
3927
3753
4977
3705
3630
4081
3714
3854
3493
4261
4256
6868
4228
3754
3896
4189
3710
3870
3388
3814
4113
4815
4573
5374
4461
4170
4373
3889
5381
3931
4134
4309
3660
3794
3613
3919
4255
3714
4769
3871
4525
4205
3632
3679
3436
4030
4183
3891
3294
3679
4004
3520
3408
4858
4467
4398
4089
4501
4255
6954
5052
4002
3895
3690
3797
4526
4628
4106
4150
4612
3888
4985
4128
3653
4809
4002
3987
5244
7970
5619
3949
3916
3769
3388
4192
3934
4023
4204
3603
3459
3767
4232
3782
3803
3720
3824
3968
4248
3752
3843
3759
4635
4069
4327
8097
7817
4570
5941
5612
4421
4232
4322
4585
3528
4255
4262
4019
4185
3837
3858
4134
3854
4668
4792
5353
4251
4373
3606
3573
3585
4942
4148
3735
3499
3881
4170