988249
45195
35631
34389
30965
28030
25794
33677
29765
33430
32852
22359
19148
16924
18193
18275
17843
17369
15179
17017
13608
16585
15200
14435
11298
19220
15016
13634
17969
11151
12423
13799
12145
11669
10780
14496
12981
12202
13149
11266
9555
10027
14626
11171
9893
10769
9912
12234
10885
12980
12810
13428
9857
10987
10317
9672
11723
9815
11595
8794
11060
10947
9989
13434
11417
9532
12932
8337
11414
11780
12491
10860
9693
9793
9573
12436
16677
13282
14851
9469
8941
8637
9259
8456
8540
11319
10451
8231
8622
8340
8030
8568
7813
11814
9728
10472
10385
9238
7555
7464
7533
7186
8576
8376
7857
8744
11791
8677
10107
11810
10829
12659
8417
9133
9087
8344
7044
7309
9885
7703
9116
7893
7910
8185
8101
7316
9164
15431
10987
8261
11290
9797
9571
8958
8308
9351
9205
8696
7473
8490
9034
8578
7439
10577
7429
8226
9483
8864
7333
7490
7166
8225
7940
8534
7366
7807
8846
10778
9021
9226
9322
10244
8399
8706
8809
7928
7575
8673
8511
8680
8584
8097
7492
7720
7495
7081
6904
8219
7415
7053
8005
10567
6804
7018
6629
7165
8235
8254
7296
7584
7794
9579
8995
8689
7824
7330
8792
8489
9125
7005
7293
7425
6967
7192
10204
9086
7354
7334
6845
7496
6782
7402
7123
7502
6551
8004
6505
10584
8655
9170
7928
10331
7701
7675
7029
6737
6735
8374
7784
6648
9753
6664
7184
6672
6790
6970
7186
6418
6892
6886
6663
7274
6701
9288
7020
8085
8919
11175
9529
8893
6898
7641
6503
7457
7867
11179
10827
9153
9815
6631
6887
7219
10225
6307
6710
6971
7869
6181
10032
6066
6232
6509
7206
6594
7772
6272
6140
6018
8227
6479
6634
7516
6635
8171
7147
7492
6290
7045
8864
7894
5925
6551
7946
6416
6204
7236
6262
8059
7028
6066
6138
5829
6569
6376
5746
8422
7017
5998
6832
6085
6309
6453
6169
6083
6330
6430
6809
6687
6100
8705
8247
6763
7215
8355
6526
6880
6002
5991
6369
6894
6331
5744
6402
6205
6255
6014
7310
6463
5936
6245
7099
8726
6881
6367
5760
5939
6124
5997
8305
5898
6439
8486
6189
6153
7735
6931
6606
6192
6858
5917
5442
5726
6224
5792
5722
6694
6574
8314
5939
5636
8843
9727
7322
5843
9120
7028
5452
5241
5683
5931
5862
6057
7088
8307
7318
5577
6014
6048
5677
5634
7385
5990
6711
6998
9819
7380
6657
5839
11532
7400
6478
5831
6120
5674
5838
6106
7166
6266
5942
8336
6290
5490
5869
6131
6861
6034
5933
5245
6570
6475
5517
6532
8301
6816
6574
6646
5971
5766
5661
6979
5306
5671
5584
7002
6211
10943
6119
6701
9879
5968
5991
6123
5672
5668
5436
7998
7333
5815
6209
5318
5501
5331
5735
5548
5439
6072
5244
5379
5460
5815
5552
7101
5819
5540
6353
6246
6084
7739
6381
7555
6701
5736
5805
5447
5843
5729
7566
5685
6586
8076
5816
6509
5514
5349
6550
6003
6814
6272
6221
5424
5621
5803
6555
5497
5686
5353
5804
5951
6592
7276
6090
7122
6236
5590
5915
5408
5882
7320
6321
5130
5433
10318
9295
5543
5770
8068
5261
8819
5625
5328
5186
4981
4954
6449
5224
5545
5260
5146
5369
5258
5674
5360
6491
5444
5541
5424
5147
5669
6063
6552
6208
5418
7020
7120
8967
6562
5803
6311
5408
6256
5800
5271
6236
7781
5007
7103
5322
5805
6016
6238
5559
5216
5089
5598
5093
5335
5301
5571
5027
6327
6735
4927
6916
5552
5749
7234
6979
6211
5970
11233
8835
6788
7095
8516
5745
7188
7968
5444
5714
5229
5161
9466
5301
7723
5851
5471
5431
5960
5576
4811
5240
4970
7221
6413
6010
7123
6304
6164
5525
5629
5537
4996
5573
5410
5251
5316
6327
4978
6031
5285
4810
5122
5616
5982
5123
5577
5533
5080
5175
5770
6029
5099
4778
5813
4985
5313
4773
5319
5110
7002
5609
4709
5326
4740
4825
4644
4894
4394
4861
5855
4568
4557
6557
5303
5301
4607
5282
6205
5733
10487
6308
5993
7291
6167
5184
6200
5668
6090
5784
4884
4520
4933
4944
4798
4652
5718
5365
4917
4657
4627
7248
5844
9341
7044
5718
5269
4892
6289
5888
6525
5590
5094
6007
4906
4778
4830
6444
4905
4769
5032
5080
5692
5142
6074
4765
4963
5577
4497
4594
5321
5360
4493
5924
4668
5116
5167
4817
4742
4664
4734
4978
4717
4756
4764
5210
4837
5317
4748
6065
4732
4501
4548
5124
4508
4609
4583
5071
4464
4808
5971
5275
4758
5268
6015
6596
6077
8604
7971
6114
4700
4827
5026
5158
4657
5074
4715
5846
5262
4549
4960
6800
5008
4795
4516
5033
4560
4948
5642
6264
5213
4882
4797
4449
5680
5278
5637
5491
4382
4504
5155
4445
4212
4828
5110
4596
4519
4402
4691
4189
5253
4342
5423
4564
6083
4713
4693
5379
5171
5799
5608
6614
5327
6542
5039
4325
5182
4690
5857
4613
4645
4698
4396
4521
4621
4301
5014
4499
4272
4184
4371
4183
4570
4151
5882
4701
4268
4139
4660
4355
4258
4353
6118
4602
4568
5529
6035
6302
6103
6731
6430
4715
4833
4479
4534
5014
4614
4553
5177
4391
4713
5224
5549
4624
4617
4898
5604
5113
4498
7279
4440
4241
4311
5361
4765
4861
8379
4251
4417
5335
4695
4794
5410
4105
4227
4002
4295
4426
4460
4202
4585
4180
4499
4413
4245
4130
4452
5311
5079
4587
4417
4969
6262
4326
6178
6254
7192
6275
8246
4641
4824
4547
4518
5607
4927
4454
4889
5096
4464
4954
5025
4517
4648
4489
4195
4157
5396
4287
4250
5338
4546
4014
4356
4548
4016
4463
4135
4375
4834
5808
5126
4289
6492
5122
5789
8239
5251
4786
4459
4380
4445
4339
4548
5097
4718
4477
4855
4732
4174
4308
4447
5753
4518
4615
9038
6522
6550
6855
5119
4871
5309
4689
4494
5609
5164
4587
5151
3978
4753
4028
5130
4122
4532
3895
4232
4203
4116
4135
3990
4028
4339
4067
4421
5464
4742
4556
4448
5278
5940
6678
6452
5495
4138
4591
4457
3900
4585
4371
3924
4559
4689
4218
4935
5894
4417
5266
4482
5003
5233
4551
4097
4321
4051
4054
4466
4059
4096
4617
4459
4075
4087
4796
4128
4544
6167
7493
5103
6772
5952
5768
6337
5095
5336
4733
4261
3860
4423
4082
4519
4530
4470
4841
4516
4404
5127
5700
5888
4600
5275
4437
4447
6470
4456
5122
4357
3999
3823
4388
4442
4461
5626
4123
6075
6761
4271
3865
5931
4259
3999
4132
4257
4075
4066
4289
5128
3923
4497
4361
5063
4319
4991
4229
6818
4439
4924
7781
8870
9403
10397
8120
9056
7364
5043
4147
3994
4500
4572
3912
5168
4262
4294