1007017
45731
36277
34992
31493
28486
26232
34404
30383
33961
33402
22866
19498
17297
18690
18729
18323
17754
15615
17451
13976
16973
15538
14983
11861
19649
15473
14011
18361
11469
12789
14114
12540
11997
11115
14834
13652
12561
13651
11682
9923
10456
15009
11479
10254
11167
10332
12588
11336
13382
13177
13826
10214
11351
10693
9974
12074
10151
11932
9141
11417
11265
10371
13944
11755
9826
13281
8762
11741
12175
13001
11174
10025
10124
9973
12829
17037
13669
15371
10017
9364
8989
9618
8859
8894
11711
10753
8608
8978
8631
8346
8911
8253
12208
10143
10838
10878
9551
7891
7897
7933
7594
8889
8713
8149
9112
12252
9069
10509
12184
11294
12993
8887
9725
9372
8725
7358
7626
10195
8030
9523
8288
8224
8633
8432
7690
9684
15872
11391
8574
11729
10159
9951
9382
8769
9725
9602
9179
7748
8835
9581
8928
7786
11000
7767
8569
9804
9276
7692
7780
7505
8513
8251
8864
7749
8151
9160
11206
9402
9651
9648
10669
8743
9055
9207
8257
7929
8967
8833
9039
8875
8396
7811
8087
7890
7354
7176
8554
7740
7402
8324
10871
7217
7304
7057
7502
8565
8596
7599
7897
8124
10042
9385
9010
8206
7699
9273
8823
9464
7284
7627
7744
7253
7481
10506
9432
7692
7684
7140
7871
7202
7870
7396
7820
6901
8361
6856
11047
8957
9595
8451
10839
8072
8138
7478
7242
7094
8776
8182
7028
10103
6956
7500
6985
7136
7314
7499
6700
7209
7188
6962
7594
7112
9624
7400
8455
9298
11577
9976
9301
7228
8042
6883
7760
8337
11664
11393
9579
10230
7033
7279
7665
10552
6688
7063
7279
8362
6481
10433
6535
6538
6869
7517
6900
8048
6614
6464
6357
8591
6809
7189
7976
7227
8651
7527
7829
6643
7378
9288
8400
6236
7061
8264
6752
6531
7557
6570
8363
7339
6365
6512
6154
7004
6706
6098
8738
7306
6318
7291
6449
6635
6862
6493
6391
6626
6775
7119
7008
6555
9145
8551
7092
7603
8750
6896
7191
6345
6299
6765
7216
6838
6113
6860
6546
6645
6328
7625
6895
6321
6522
7461
9109
7271
6681
6094
6269
6581
6345
8726
6212
6860
8933
6574
6516
8178
7283
6907
6503
7232
6246
5762
6098
6599
6108
6021
7177
6918
8638
6342
5951
9276
10224
7646
6496
9481
7365
5761
5562
5988
6420
6270
6404
7504
8767
7631
5904
6467
6456
5975
5893
7617
6327
6993
7280
10269
7789
6952
6163
11891
7755
6828
6166
6488
6034
6152
6399
7510
6588
6362
8693
6614
5785
6177
6434
7106
6410
6288
5545
6852
6755
5797
6890
8644
7063
6864
6904
6290
6070
5992
7273
5689
6135
5864
7292
6523
11216
6427
7018
10231
6270
6336
6423
5952
5953
5699
8269
7617
6060
6441
5576
5898
5571
6014
5876
5701
6310
5547
5808
5714
6196
5843
7387
6151
5789
6614
6524
6422
8057
6747
7879
7054
6057
6139
5809
6208
6172
7893
6057
7036
8468
6192
6790
5902
5677
6810
6331
7125
6599
6526
5691
5880
6040
6832
5824
5984
5650
6044
6245
6940
7610
6374
7375
6530
5884
6178
5673
6138
7587
6619
5451
5675
10642
9683
5885
6118
8367
5573
9114
5920
5672
5495
5273
5258
6743
5492
5781
5535
5420
5647
5517
5951
5656
6815
5712
5835
5736
5415
5996
6351
6785
6471
5687
7452
7467
9272
6858
6161
6599
5714
6544
6152
5576
6532
8059
5335
7363
5666
6125
6303
6574
5831
5492
5439
5880
5502
5707
5539
6011
5426
6725
7103
5202
7331
5875
6091
7511
7344
6546
6253
11687
9221
7328
7536
9017
6071
7524
8236
5761
5996
5629
5441
9815
5574
7998
6230
5846
5694
6247
5816
5111
5613
5261
7533
7093
6313
7531
6728
6599
5807
5894
5849
5406
5901
5969
5580
5606
6592
5228
6396
5559
5237
5433
5865
6267
5437
5812
5801
5326
5408
6014
6372
5475
5017
6042
5251
5583
5063
5545
5369
7288
6146
4982
5595
5071
5040
4847
5153
4619
5111
6066
4829
4800
6793
5607
5526
4873
5516
6545
5993
10749
6757
6318
7551
6394
5463
6527
5928
6372
6012
5158
4748
5187
5187
5091
4940
6149
5698
5205
4972
4908
7602
6218
9638
7306
5951
5530
5204
6550
6133
6807
5867
5353
6270
5159
5022
5168
6712
5237
5039
5294
5342
6051
5485
6310
5174
5246
5877
4714
4821
5572
5562
4716
6160
4861
5397
5517
5098
4990
4914
4948
5261
5097
5116
5027
5469
5024
5617
5004
6395
4949
4750
4798
5379
4703
4815
4838
5351
4767
5094
6596
5498
5005
5545
6324
6848
6300
9124
8314
6381
5143
5100
5302
5366
4935
5324
4988
6128
5539
4747
5298
7132
5259
5011
4839
5373
4860
5275
5872
6553
5523
5118
5105
4679
5911
5543
5832
5726
4617
4730
5424
4652
4452
5143
5462
4864
4821
4837
4990
4458
5494
4625
5827
4779
6344
4954
4939
6083
5690
6080
5811
6827
5672
6829
5306
4569
5408
5081
6196
4965
5018
4943
4611
4713
4878
4526
5308
4760
4534
4628
4683
4436
4945
4452
6313
5014
4569
4377
4911
4761
4523
4652
6470
4872
4854
5811
6297
6570
6358
7102
6693
4967
5200
4695
4789
5354
4822
4753
5433
4657
5031
5633
5780
4840
4958
5108
5863
5410
4762
7501
4776
4488
4588
5713
5092
5218
8585
4475
4727
5612
4987
5034
5633
4434
4438
4247
4546
4685
4703
4435
4839
4581
4873
4712
4569
4349
4731
5599
5434
4794
4617
5313
6493
4554
6446
6512
7433
6595
8606
4873
5081
4816
4860
6463
5278
4723
5223
5384
4768
5231
5465
4736
5028
4745
4472
4338
5658
4546
4554
5533
4863
4375
4573
4865
4296
4721
4336
4720
5088
6090
5481
4536
6877
5511
6061
8519
5538
5071
4734
4625
4694
4769
5011
5346
4964
4768
5098
4941
4378
4624
4794
6033
4737
4812
9322
6722
6919
7079
5378
5153
5559
4964
4749
5816
5477
4866
5419
4253
5027
4323
5593
4391
4934
4128
4472
4424
4317
4421
4210
4272
4591
4361
4719
5754
4966
4889
4769
5599
6158
6994
6733
5761
4435
4816
4790
4179
4897
4880
4371
4867
4910
4554
5145
6121
4621
5473
4771
5247
5430
4828
4351
4654
4300
4263
4857
4369
4285
4856
4659
4395
4431
5079
4388
4812
6712
7837
5455
7149
6280
6019
6710
5620
5754
4973
4543
4063
4695
4465
4878
5002
4793
5109
4833
4647
5353
5973
6245
4838
5551
4672
4695
6716
4768
5366
4631
4235
4076
4695
4715
4808
5989
4437
6407
7028
4530
4070
6297
4599
4245
4403
4531
4295
4336
4519
5357
4227
4752
4609
5416
4551
5248
4461
7065
4727
5200
8054
9192
9743
10676
8363
9314
7719
5387
4415
4239
4904
4825
4192
5413
4537
4532