959668
57927
33934
32679
26855
30307
27459
23495
23291
28055
21642
19996
19763
17245
16686
28589
19296
17181
16201
15797
17219
16939
13206
13947
14177
15966
15969
12611
16060
16335
14155
13831
11704
10800
12710
11043
12228
10919
10969
11250
10929
13998
13162
11020
10139
10655
9316
9979
10628
15587
10383
12876
10624
10865
10575
11790
12443
9546
14073
13250
16479
10035
10605
11568
11678
11838
9785
10418
9108
10240
9281
8597
9147
9216
9900
13330
10673
9653
9808
8906
8667
8591
9497
8214
10552
13411
8979
8303
8694
10860
8064
8599
8153
12393
7958
11831
12378
12537
11596
8572
7930
7957
8743
8202
9926
10683
7780
9611
8576
8570
7898
7206
8704
9123
8043
7769
10054
7373
7146
7133
11090
7898
8314
7553
10135
8200
8773
12177
11734
7833
7809
7671
8680
8269
9640
8719
9192
9002
7593
8541
9959
8319
10259
9594
9947
10510
9100
9666
7753
7720
7303
8235
8252
8409
9281
8628
8132
10396
9941
9460
9739
8704
7795
7641
7933
7755
8576
8879
9104
7418
10763
8071
6633
7062
7013
7347
7778
7500
7846
7559
8160
9140
8844
10203
8411
7567
10392
7509
6621
6593
7506
7712
8780
6828
7248
6625
8073
8580
7827
8274
6722
7795
8460
6645
8038
7357
6574
8923
6831
7240
6867
6663
8409
7228
6650
7583
7099
9296
7467
6820
6819
6288
6772
6592
6513
6592
7956
8941
7735
6849
7057
7274
6528
6577
6744
6641
6671
6327
6897
6543
6561
8160
7411
6465
7699
6838
6801
7588
7027
6429
6506
6100
6826
6372
7531
12623
8076
6653
6578
6618
5994
6613
6283
5923
7010
6626
6265
6200
6523
6196
7704
6072
6479
6973
5923
6294
6005
6293
6995
6369
6336
7750
10160
8509
8526
12011
13265
13279
10899
8184
9595
8886
8678
11197
6664
6703
6193
6864
7644
7593
6178
6290
6116
6214
6529
6806
7283
7182
6738
7107
6425
6695
6236
5631
8074
5786
6663
6059
5774
6881
6279
6618
6235
5980
6185
6293
6281
5733
5768
7848
5840
6521
5820
5864
6000
5504
5494
5917
5759
6314
6429
9717
6927
6159
7790
5699
6967
5878
5557
6452
5379
5805
7124
7238
5831
7822
6311
6104
7823
6599
8620
5678
6083
6698
7335
6433
6408
6143
5699
5906
5905
5568
5587
7013
5746
5639
6015
5680
5870
5955
6597
6603
6894
7899
8129
6646
7420
6250
7607
12490
6181
5514
5491
6527
6056
6317
6111
6242
6092
5890
5541
5722
6103
6983
5464
5966
5542
6202
5899
7742
6075
5439
5429
5287
5797
5786
5692
6391
7015
6054
9164
5939
7975
5715
5875
6400
6118
6142
6351
7425
5826
5638
7274
5981
6185
7336
6159
6143
6737
5854
6322
5412
5406
5206
5144
5845
5812
6905
6623
5985
6051
5321
6646
5862
5334
6046
5680
5908
5998
5935
5898
6033
6789
5878
6241
5803
5665
5973
5871
5674
5861
5325
5826
5453
5357
5713
6596
6995
5215
6271
5680
5800
5958
5384
5194
6124
5611
5099
5903
5567
5671
5280
6563
5694
5687
5773
5394
5416
5308
5860
5961
6395
6272
5809
6557
6970
5973
7759
6106
5987
6039
9324
7742
5328
5677
5634
6075
5520
5298
5605
5813
6823
5318
5231
5349
5343
5377
5392
5447
5277
5749
5585
5687
5064
5585
5835
6459
5561
7720
5233
6094
5886
5237
5501
7401
5759
5797
6007
5308
6490
6561
8277
6774
7527
5961
5784
6336
5708
5514
6413
5673
5812
5456
5362
5694
5930
6795
5353
5767
5456
4926
6155
6298
5380
5518
6120
6304
5811
5378
5333
6334
6517
5865
6268
8672
6319
5512
5421
5955
5922
5224
5479
5322
5516
5504
5596
7488
5885
6679
6836
5877
6215
5326
7062
5821
5376
5242
5265
5558
5971
5750
6064
5491
5164
5380
5452
5413
5013
5590
6177
5199
5307
5408
5331
5299
5749
5025
5713
5057
5395
4829
5648
4951
5103
7216
7137
5571
6980
5572
8956
8460
5530
6083
5436
6818
5700
5722
5206
5027
5285
5132
4827
5892
4758
4791
6325
5147
4845
5049
4911
5343
4948
5334
5401
4954
5922
5848
5566
5559
5694
6802
5283
5682
5665
5709
5116
4997
4843
5146
6123
5066
5392
6545
5675
5236
5917
5133
5140
4742
4877
5049
5354
4744
5030
4796
5187
4809
5591
4944
5202
6510
5095
5042
5613
4800
5315
4802
6098
5185
5373
5308
5454
8031
5820
7969
6827
8336
8919
8218
8787
7005
6136
5398
6054
5928
5680
5062
5291
4651
5458
6232
5016
5409
5351
4716
4854
5100
4632
4612
4863
4798
4702
4889
5482
5878
5775
5704
6301
4883
6536
6372
5693
6021
5403
5243
5062
5121
5152
4865
4700
6008
5484
6726
6630
7495
6252
6848
6303
5798
5133
4657
5078
4623
5028
4821
4766
4931
4996
6378
4964
4812
5107
4505
4723
4888
5027
4535
5702
4962
4881
4806
5166
4897
5000
4857
4780
5935
4382
7097
4595
4592
4980
6191
5359
5432
5296
5080
5685
4944
4780
4752
4891
4763
4862
6021
5148
6769
5065
5383
4783
7154
4762
4780
4516
4594
4914
4648
4624
4603
5713
4715
4548
5675
5232
4686
4981
4822
4831
5507
5870
5165
6369
4902
5175
5196
5052
4653
5134
4879
4879
5968
4882
5001
5045
4555
4472
4479
4474
4115
4796
4765
4707
4613
4546
4663
4729
4499
4432
4317
5917
4277
4483
5415
4744
4558
4370
4762
4665
4330
4208
4444
4614
4551
4888
4557
4605
4791
6130
6108
4358
4584
4841
7015
4817
6937
5498
5076
6025
5167
4928
4719
4476
4857
4663
4896
5624
4978
5602
4944
4652
4924
4817
5010
4356
4554
5004
4432
4442
5138
4652
4230
4485
4638
5968
4443
4418
4445
4501
4684
4394
5086
5771
4759
5298
4932
5012
4772
5085
4393
5063
4409
5799
5044
4507
4698
4877
4846
5321
5672
4682
4699
4698
5162
4248
4642
4874
4428
4646
5026
6267
4729
4391
5695
4788
5039
4317
6111
4878
5103
4876
4962
4894
5305
4505
4571
4613
4864
5615
4704
4935
5495
5300
4834
6073
5641
5009
5474
4694
4435
5315
6387
5980
6193
5339
7392
6471
6033
5128
4690
5837
5324
4681
4586
4353
4312
4249
4235
4528
4405
4437
4348
4368
4549
5371
4274
4614
4250
4327
4426
4625
4702
4455
4343
7994
6731
4350
4368
4430
4104
6039
4554
5568
4301
4239
4212
4341
4505
4289
4274
4816
4286
4359
6122
4491
4396
5517
5169
4543
5188
4941
5711
4581
4972
4985
4441
4354
4510
4389
4155
4530
4852
5607
4569
4598
4911
4127
4150
4675
5510
4214
4241
3936
4461
4550
4428
4181
4710
4145
4111
4404
5210
4127
4198
4316
5771
4435
6343
6122
6666
5514
4974
5484
4566
4365
4334
4424
4028
4857
6080
4412