977524
58593
34412
33211
27252
30781
28095
23898
23647
28525
22046
20666
20188
17603
17080
29008
19864
17563
16682
16208
17598
17379
13614
14315
14754
16432
16299
12946
16528
16737
14505
14313
12016
11134
13016
11380
12689
11226
11326
11620
11306
14436
13610
11460
10502
11007
9715
10356
11052
15954
10764
13177
10946
11320
10946
12114
12899
9898
14448
13576
16900
10489
11116
12245
12042
12321
10157
10832
9508
10631
9598
8909
9428
9654
10265
13745
11078
10132
10154
9299
9023
9118
9888
8760
10917
13811
9377
8642
8975
11193
8390
8967
8433
12711
8221
12135
12754
13030
12026
8895
8281
8342
9110
8559
10283
11085
8171
10038
8924
9002
8252
7488
9063
9649
8368
8143
10369
7672
7434
7495
11527
8489
8686
8196
10525
8599
9265
12839
12209
8309
8132
8043
9023
8633
9976
9047
9699
9394
8010
8955
10361
8701
10583
9933
10343
10861
9491
10027
8131
8116
7630
8634
8581
8764
9663
8982
8547
10697
10361
9952
10188
9022
8197
8003
8306
8097
9002
9283
9386
7711
11064
8466
6969
7406
7345
7730
8169
7839
8153
7881
8438
9589
9159
10548
8791
7927
10796
7945
7050
6882
7827
8067
9203
7141
7806
7060
8639
9041
8147
8653
7047
8086
8913
6967
8409
7664
6886
9324
7109
7550
7159
6956
8746
7655
6916
7894
7554
9759
7856
7127
7130
6714
7132
6965
6814
6898
8282
9344
8173
7221
7387
7579
6880
6956
7106
7069
6957
6682
7206
6836
6844
8478
7766
6867
8105
7186
7122
7917
7681
6814
6889
6583
7219
6717
8034
13093
8489
7020
7083
6949
6485
6912
6654
6207
7427
7051
6648
6544
6875
6512
8050
6415
6912
7295
6427
6578
6365
6635
7382
6672
6657
8229
10515
8901
8914
12418
13754
13621
11460
8517
9916
9344
9001
11553
6969
6980
6479
7171
7947
7966
6533
6604
6405
6494
6837
7138
7577
7514
7133
7481
6894
7323
6666
5992
8358
6187
7044
6450
6078
7236
6663
7035
6564
6263
6532
6583
6591
6062
6155
8109
6103
6949
6094
6186
6481
5837
5783
6501
6065
6637
6737
10068
7304
6460
8057
5971
7427
6232
6075
6757
5706
6136
7438
7585
6187
8177
6672
6747
8150
7003
8932
5940
6457
7006
7728
6813
6797
6530
6005
6241
6215
6046
5904
7438
6154
5927
6422
6092
6147
6290
7062
6927
7367
8342
8641
6994
7871
6603
7923
12802
6543
5829
5870
6821
6315
6569
6397
6555
6391
6227
5933
6111
6401
7285
5738
6394
5808
6593
6152
8101
6321
5704
5768
5573
6029
6031
5921
6677
7270
6410
9440
6245
8324
5950
6234
6660
6386
6461
6648
7758
6119
5978
7585
6281
6562
7591
6419
6502
6963
6174
6564
5752
5689
5433
5425
6079
6113
7143
6876
6204
6359
5589
6913
6099
5615
6291
5924
6247
6336
6188
6194
6309
7019
6259
6657
6161
5949
6400
6143
5977
6153
5734
6123
5737
5602
5944
6849
7258
5593
6586
5936
6081
6209
5635
5419
6354
5857
5340
6150
5793
6001
5547
6841
5994
5921
6050
5685
5658
5561
6118
6266
6677
6576
6083
6784
7305
6284
8123
6342
6229
6316
9780
8010
5634
5983
5898
6358
5746
5586
5945
6133
7058
5585
5512
5717
5693
5661
5718
5782
5697
6030
5883
5977
5288
5855
6148
6714
5848
7962
5471
6388
6163
5496
5734
7688
6042
6073
6287
5567
7072
6816
8600
7110
7953
6329
6053
6630
6119
5832
6704
5925
6098
5789
5662
5989
6189
7175
5628
5993
5711
5155
6389
6609
5659
5809
6401
6711
6117
5688
5629
6622
6783
6136
6519
8918
6603
5813
5716
6229
6193
5555
5735
5630
5827
5756
5908
7791
6180
6985
7140
6205
6646
5599
7351
6103
5656
5565
5557
5875
6233
6047
6309
5737
5447
5609
5662
5625
5267
5956
6564
5451
5590
5707
5646
5524
5996
5271
5969
5379
5629
5074
5918
5163
5426
7629
7427
5916
7268
5862
9228
8782
5833
6345
5696
7063
5997
6036
5523
5344
5555
5354
5044
6106
4972
5002
6603
5376
5103
5421
5143
5628
5390
5607
5663
5252
6276
6208
5836
5858
5939
7084
5536
5966
5961
6014
5393
5255
5166
5545
6449
5490
5697
6884
6077
5519
6176
5472
5358
5014
5180
5350
5604
4975
5346
5092
5515
5074
5809
5173
5491
6773
5351
5342
5887
5111
5536
5149
6457
5457
5667
5544
5787
8359
6125
8298
7127
8620
9162
8513
9082
7335
6467
5773
6347
6242
5996
5429
5563
4878
5787
6463
5316
5643
5572
4935
5131
5348
4866
4812
5134
4991
4987
5133
5745
6214
5994
5945
6565
5164
6835
6680
6071
6363
5661
5559
5432
5372
5359
5087
4942
6232
5710
7019
6906
7813
6580
7078
6640
6109
5346
4870
5335
4835
5361
5075
5009
5199
5263
6591
5236
5100
5415
4772
5008
5140
5329
4748
5927
5229
5165
5116
5378
5119
5240
5099
5079
6206
4674
7383
4854
5005
5249
6409
5648
5681
5568
5347
5941
5200
5085
5000
5113
5016
5149
6356
5378
6993
5320
5624
5102
7441
5019
5031
4760
4828
5267
4874
4918
4807
5907
4943
4772
5894
5444
4906
5276
5111
5142
5894
6185
5468
6641
5327
5437
5488
5365
4975
5477
5243
5182
6328
5138
5264
5320
5009
4722
4742
4730
4367
5185
4987
4933
4892
4812
5104
5014
4771
4659
4610
6215
4485
4750
5665
5087
4829
4705
5082
4936
4694
4469
4682
4875
4995
5280
4848
4841
5075
6341
6342
4613
4843
5156
7312
5099
7277
5830
5387
6273
5430
5185
5073
4771
5245
4999
5249
5939
5274
5926
5279
4901
5257
5061
5275
4676
4830
5265
4739
4661
5355
4941
4489
4756
5006
6220
4658
4634
4732
4787
4898
4607
5374
6057
5068
5588
5213
5296
5033
5398
4748
5411
4678
6062
5458
4814
4910
5152
5131
5598
6024
4904
5007
4967
5410
4446
4915
5184
4862
4880
5244
6497
4994
4619
5945
5112
5333
4580
6357
5147
5399
5164
5199
5231
5597
4719
4878
4937
5136
5973
4990
5181
5700
5579
5125
6382
5957
5310
5798
4941
4714
5573
6631
6206
6461
5623
7713
6715
6346
5421
5104
6131
5596
5026
4864
4600
4609
4520
4503
4820
4695
4691
4669
4650
4813
5582
4611
4850
4509
4523
4664
4892
5043
4797
4688
8601
7246
4617
4695
4667
4375
6266
4826
5876
4551
4508
4535
4683
4850
4571
4626
5157
4557
4646
6387
4723
4611
5750
5503
4850
5440
5324
5993
4932
5333
5310
4703
4635
4740
4664
4413
4800
5154
5929
4878
4938
5308
4413
4444
5024
5828
4488
4552
4252
4713
4841
4724
4465
5022
4418
4357
4612
5475
4500
4425
4587
6091
4750
6679
6550
6993
5905
5258
5790
4896
4687
4584
4711
4281
5158
6348
4690