937208
43572
32634
31845
25709
29134
27068
25469
20424
21686
20643
21481
19846
15933
17587
16116
16795
14642
15194
14832
13296
16175
15212
12341
11412
12639
11843
13666
15205
14336
15740
19817
21693
12068
9772
10493
11599
13049
9699
10386
10613
9675
12940
10873
10389
11645
11583
11163
11897
10374
9714
11452
9474
11974
9388
10922
9977
10540
10423
9229
10077
10883
12272
11859
11587
11387
10805
9225
10498
11194
10541
9214
12045
11406
12048
10387
9944
9532
9366
8427
8332
9524
11777
8173
8198
9869
8123
8870
8048
8951
8755
8412
8426
11573
10618
10610
9014
8492
7891
7595
8116
8137
8225
9881
7726
9975
12494
13618
10112
8218
8460
7618
7860
8712
8804
8478
9683
7866
8338
7718
8293
9364
7692
7227
7997
9422
10368
11139
9195
12372
7343
7142
7434
8428
7597
8100
8971
7339
8493
7074
7321
7397
9711
7213
7637
8309
8878
8004
8063
10808
9356
8311
7425
7499
7709
9893
7686
10108
8705
9509
9019
8798
7509
8473
7826
7097
6907
7699
7175
7338
8943
11415
8124
9052
8575
10181
8685
9222
8273
8151
7621
10167
8342
7905
10857
8651
9383
10026
8875
7949
7364
10108
9404
8509
7936
7174
7298
8360
6980
6540
6602
6540
7613
6829
7747
7833
7247
7203
7049
7250
7224
6635
6887
7872
7236
6448
7009
7399
8347
6539
7378
8370
8344
7590
7686
7185
6746
7616
7938
7049
7391
6676
7034
8202
6976
6770
6474
6501
6689
7515
6330
6339
6944
8230
6838
8039
7676
7256
7671
8130
6867
6951
6913
7392
7451
8679
9291
6460
6903
6630
6540
7536
6519
6215
6444
7501
6221
8267
5932
6845
5921
6216
7631
7629
5758
6227
6230
6342
6448
5824
7914
7375
6089
6129
6267
6176
5937
6340
7212
7493
6847
7588
7489
6601
6362
5960
6975
5841
7430
6217
6424
6160
6507
6675
6208
6919
6209
6879
6331
6774
6117
5898
7418
8039
6724
9171
6688
6857
6252
7406
6655
8281
5927
6167
6700
6812
6252
6236
7483
6367
6694
5794
5884
6557
6103
5849
5789
6496
6475
5890
6685
8206
8230
5988
6938
6189
6324
5962
5913
5836
6702
5938
6110
6248
7153
7353
6274
5711
5840
6362
9114
8640
6677
6323
6372
6475
6459
5799
5841
6136
6540
6248
5713
5534
5852
5823
7355
5771
6677
5721
6243
6599
6548
7684
7400
5761
6452
5445
5515
5684
5613
6782
7087
5600
5708
5649
5547
5788
5528
5628
6946
6174
6565
6698
6490
6830
6210
6071
7887
7383
6180
5578
5905
6152
6656
5537
5703
6075
5802
6218
6134
5487
5433
6087
6779
5745
5851
6061
6181
5156
5595
6358
6490
5705
6516
7830
6662
5631
6019
5458
7362
5388
5513
5519
5362
6039
6159
5666
5739
6156
5937
5703
5727
5567
5448
6798
6825
5577
5533
5760
5990
5898
6129
5590
5478
8084
5385
5183
5106
5857
5149
5419
6046
5423
5112
5407
5764
5920
5619
6145
5459
5604
5911
6395
5818
6954
5920
5528
6796
5534
6000
5723
5516
5540
5703
5829
6035
6099
6622
5368
5274
5860
5137
5381
6300
5602
5226
5384
5588
4973
5750
9940
6611
5753
5170
5319
5613
5588
5489
5907
5027
6115
5200
5362
5096
5558
5831
5419
5454
6135
5698
6541
5980
6113
6275
5607
5211
6836
5086
5363
5673
5975
5512
6839
7685
5639
5904
5480
5089
5316
5431
5452
5387
6192
5435
5241
5654
5478
5530
5840
5433
5226
6313
5857
6055
5800
5603
6226
6281
6736
5682
5073
5901
5551
6663
6310
6299
6507
5814
5815
7378
5197
4935
4989
4978
5913
5051
5083
4968
5260
5498
5392
5656
5473
4973
5716
5089
5512
5168
5366
5218
7604
5801
5232
5407
4941
4738
4982
5247
4881
5619
5892
5390
7888
7231
5690
5249
8140
5583
5196
5232
5249
6306
5037
6019
5012
5788
5768
4917
5682
5177
5204
5125
6286
4794
5236
4805
5779
5182
9904
6179
5788
7653
6695
7259
5925
8976
5044
5002
5090
6484
5037
5371
5023
4932
5371
4942
4767
4839
5215
5591
4794
4795
5298
5198
4589
5681
4689
4777
5101
4858
4898
5040
4970
5745
5118
4692
6512
4805
4803
6839
4975
9139
6532
5061
5028
4751
6540
4987
4668
4644
5530
5259
4558
5386
4773
6174
5140
6962
7337
6001
5145
5238
4918
5041
5458
5714
5011
5968
5556
5292
5849
5658
5333
6693
6530
5088
4675
4713
4985
4616
4857
4654
4416
4331
5052
5091
4497
4511
5455
4514
6136
5766
6060
5214
4981
5948
5228
5339
5178
5053
4849
5565
4537
4451
4960
5046
6196
5356
4564
4857
6214
4944
5514
4712
4730
5430
4843
4472
4934
4569
4399
4406
5835
6340
4584
4339
5074
5653
5322
4951
4725
4218
5090
4428
4513
4551
4998
4828
6214
4769
4577
4452
4919
5564
4493
5295
5660
5898
5627
4999
5913
5236
4746
4567
4797
6158
5665
7019
6283
6190
6831
7754
6800
5780
4787
4581
5061
4872
4420
4628
4732
4833
4345
4559
5513
4731
4412
4389
5227
4500
5767
4835
5218
5531
5045
4849
5197
5039
6200
5101
4727
4335
4682
4333
5308
4688
5223
4472
4598
4549
4596
4847
4310
4454
4900
5398
4364
4483
4393
4364
4247
4125
4336
4670
9179
4411
5741
5250
4414
4976
5145
5188
4698
5177
4971
5318
4883
4515
4655
4602
4424
4484
4695
4633
5505
4853
4875
4358
4764
4381
4522
4359
4453
4225
4286
4196
4563
4311
4482
4161
4688
4548
4398
4300
8080
5024
4479
4471
4262
4663
4268
4665
4733
4195
4504
4643
4179
4466
4008
4576
4374
4242
4045
4761
5557
4301
4437
4668
5138
4249
4841
4684
6133
4951
8179
5569
5395
5360
5212
5519
7022
6410
4839
8104
7179
6366
6408
9054
5603
6110
5945
5218
5994
6161
5867
5517
4695
5687
4567
6247
4454
5223
4815
6468
5937
4532
5269
5477
4744
4589
4558
4480
4282
4473
4760
4091
5153
5005
4473
4672
4372
4643
4580
4138
5757
4435
4409
4105
4748
4787
4205
4405
4500
4268
4319
4672
4688
4825
4572
4502
4163
4645
4287
4288
4902
4753
3908
4277
4427
4064
4431
4417
4269
4170
5392
4493
4499
4473
4939
4995
7085
7236
5937
4562
6256
4614
5168
5189
4420
5049
4813
5869
8561
6312
4881
4779
4382
4545
4872
4326
4637
4759
6195
4146
5610
4842
4993
4894
4380
5824
4497
4818
4245
6080
6116
5015
5105
4706
5507
5280
5215
5011
4677
4389
5225
4687
4648
5492
4775
6340
5943
4676
6413
4544
4876
5536
4851
4845
4655
4507
4567
4750
4300
5267
4194
4248
4110
4132
4330
4108
4057
4672
5819
4768
4328
4166
4719
4808
4516
4278
5152
4529
4618
5718
4425
4158
4547
5084
4152