953125
44093
33146
32320
26178
29531
27463
25991
20859
22081
21048
21872
20248
16281
17942
16476
17142
14953
15571
15174
13622
16593
15603
12759
12130
13002
12243
14195
15625
14698
16108
20264
22045
12500
10088
10859
11930
13541
10093
10773
10915
10092
13395
11289
10712
12066
12019
11518
12293
10700
10034
11751
9870
12353
9729
11360
10325
10898
10803
9638
10490
11319
12655
12307
11912
11777
11138
9623
10942
11525
10923
9560
12360
11802
12687
10880
10358
9940
9717
8828
8708
9894
12145
8536
8563
10295
8441
9167
8368
9273
9056
8781
8751
11914
11014
10963
9325
8824
8284
7974
8433
8484
8537
10197
8075
10428
12888
13981
10496
8565
8784
8012
8210
9110
9184
8831
10012
8206
8673
8110
8654
9832
7983
7650
8327
9813
10715
11608
9612
12855
7681
7452
7768
8753
7924
8435
9291
7704
8820
7349
7586
7718
10045
7552
7964
8604
9247
8419
8398
11173
9759
8698
7764
7823
8033
10233
8005
10436
9021
9825
9336
9110
7848
8826
8164
7407
7193
7982
7567
7664
9256
11717
8468
9405
8883
10501
8977
9595
8595
8468
7963
10548
8641
8205
11408
9048
9731
10391
9278
8246
7741
10452
9747
8811
8309
7488
7654
8724
7293
6833
6903
6819
7932
7108
8081
8361
7553
7561
7347
7573
7507
6919
7236
8206
7550
6744
7326
7685
8691
6819
7705
8739
8681
7957
7988
7583
7083
8026
8347
7412
7662
6984
7319
8560
7289
7086
6790
6808
7066
7869
6619
6724
7275
8585
7195
8326
7992
7790
8285
8523
7230
7337
7366
7768
7915
9596
9708
6729
7239
7000
6932
7849
6985
6563
6698
7856
6651
8559
6214
7166
6274
6566
7996
7944
6112
6493
6541
6790
6745
6199
8227
7727
6439
6472
6567
6621
6358
6704
7493
7832
7177
7888
7836
6923
6917
6322
7223
6180
7847
6491
7013
6490
6894
7012
6537
7258
6496
7172
6773
7218
6471
6384
7676
8311
7029
9592
7047
7223
6651
7866
6982
8633
6183
6470
7008
7135
6640
6616
7808
6709
7029
6112
6197
6865
6422
6165
6127
6946
6779
6468
7015
8577
8597
6428
7317
6468
6602
6244
6232
6138
7023
6279
6471
6846
7541
7842
6616
5979
6294
6713
9524
8997
7021
6639
6678
6907
6751
6106
6202
6487
6858
6546
6265
5929
6346
6178
7751
6169
7112
6241
6834
6942
7263
8864
7833
6031
6800
5742
5836
6133
5872
7237
7422
5825
5981
5909
5806
6103
5812
5861
7295
6435
6955
7025
6785
7174
6556
6370
8271
7677
6524
5832
6148
6440
6934
5812
6031
6339
6108
6541
6387
5745
5744
6382
7091
6121
6113
6376
6486
5436
5836
6635
6769
6023
7099
8127
6907
5973
6400
5767
7636
5616
5936
5808
5630
6337
6560
5972
6048
6671
6308
6024
6027
5891
5734
7144
7075
5825
5861
6094
6345
6210
6424
5886
5738
8287
5639
5461
5338
6121
5383
5653
6309
5637
5395
5737
6135
6256
5841
6419
5768
5859
6201
6698
6207
7312
6330
5821
7001
5901
6314
6175
5823
5810
6086
6195
6284
6341
6872
5714
5591
6120
5501
5687
6566
5915
5438
5684
5884
5218
6013
10390
6925
6031
5544
5657
5875
5854
5794
6236
5276
6348
5432
5625
5314
5792
6104
5715
5672
6404
5970
6867
6231
6411
6688
5901
5491
7139
5345
5697
5989
6224
5788
7170
7938
5925
6219
5807
5330
5586
5653
5844
5760
6535
5731
5571
5918
5749
5903
6205
5738
5569
6589
6123
6353
6132
5814
6509
6580
6997
5957
5343
6509
5841
6993
6597
6558
6804
6043
6098
7641
5496
5192
5292
5202
6174
5301
5347
5228
5525
5769
5658
5907
5751
5334
5950
5442
5793
5404
5617
5458
7898
6041
5460
5687
5162
5051
5216
5515
5187
5896
6207
5673
8206
7695
6001
5630
8440
5981
5501
5460
5483
6520
5348
6298
5342
6036
6091
5136
5924
5417
5654
5483
6518
5015
5550
5100
6035
5424
10231
6468
6078
7971
7036
7738
6296
9297
5359
5302
5400
6698
5332
5635
5284
5230
5628
5257
5057
5151
5521
5825
5076
5129
5628
5514
4848
5996
4924
5042
5399
5075
5187
5267
5299
6025
5332
4938
6779
5082
5052
7134
5384
9471
6799
5310
5295
5000
6775
5285
4991
4873
5835
5642
4836
5703
5036
6462
5426
7191
7618
6230
5485
5445
5242
5323
5736
6028
5356
6357
5814
5665
6131
5952
5613
6975
6803
5370
4995
5027
5266
5037
5242
4959
4662
4589
5340
5404
4733
4741
5793
4781
6440
5984
6275
5467
5274
6273
5478
5581
5475
5464
5118
5851
4748
4697
5263
5348
6456
5570
4856
5143
6642
5279
5740
5180
5320
5714
5136
4877
5245
4882
4609
4695
6070
6720
4915
4633
5400
5989
5591
5212
4944
4466
5335
4685
4765
4793
5269
5056
6483
5060
4910
4724
5161
5795
4775
5582
5926
6199
5875
5327
6262
5511
5073
4945
5100
6408
6012
7280
6546
6407
7219
8053
7054
6015
5049
4867
5399
5153
4704
4878
5053
5134
4654
4868
5709
4976
4623
4599
5505
4710
6020
5112
5515
5750
5352
5110
5564
5299
6446
5479
5030
4637
4942
4616
5978
4991
5527
4761
4989
4824
4851
5212
4546
4737
5165
5687
4610
4760
4641
4580
4499
4390
4595
4984
9459
4663
5953
5524
4663
5295
5376
5486
5140
5532
5251
5559
5147
4846
4907
4836
4746
4830
5013
4848
5794
5056
5134
4574
5092
4709
4758
4567
4780
4485
4681
4436
4801
4607
4760
4443
4946
4788
4684
4548
8401
5370
4735
4782
4518
5096
4618
4929
5006
4431
4912
4909
4418
4741
4259
4837
4707
4543
4353
5012
5774
4578
4647
4926
5371
4599
5065
5061
6480
5301
8448
5798
5693
5650
5512
5793
7246
6652
5079
8362
7417
6594
6758
9437
5860
6365
6155
5432
6293
6408
6164
5812
4949
5942
4798
6508
4724
5445
5065
6778
6165
4799
5562
5718
5063
4842
4837
4736
4570
4697
5002
4374
5383
5283
4692
4930
4614
4923
4825
4420
6051
4667
4671
4327
5004
5114
4572
4642
4710
4511
4568
4943
4949
5230
4826
4857
4397
5019
4674
4495
5179
5013
4126
4594
4822
4298
4717
4736
4522
4435
5644
4739
4886
4729
5197
5263
7423
7494
6197
4881
6676
4893
5464
5438
4767
5383
5151
6213
8940
6690
5185
5033
4644
4824
5150
4690
4882
5086
6472
4393
5981
5070
5260
5126
4689
6101
4805
5096
4474
6398
6465
5319
5402
5065
5839
5534
5533
5308
4990
4676
5561
4999
4959
5864
5125
6623
6197
4996
6790
4866
5112
5805
5140
5166
4884
4810
4867
5077
4522
5595
4579
4535
4367
4518
4621
4382
4364
4974
6143
5039
4698
4410
5047
5042
4811
4513
5463
4886
4956
6047
4762
4489
4867
5368
4420