12672281651 1992 40
13848761978 1992 41
13190480233 1992 42
13128373576 1992 43
12889269530 1992 44
12072098894 1992 45
13326968200 1992 46
13205227869 1992 47
12060639481 1992 48
13001303186 1992 49
13805417452 1992 50
12776234014 1992 51
13433864328 1992 52
13581771711 1992 53
13053257221 1992 54
13434550494 1992 55
14000667157 1992 56
13682184743 1992 57
12490304616 1992 58
12695654353 1992 59
13943039313 1992 60
12816003837 1992 61
12731556625 1992 62
14196465733 1992 63
13099594674 1992 64
13837724673 1992 65
12835260089 1992 66
14013848875 1992 67
12783094897 1992 68
12758829878 1992 69
13706848098 1992 70
15111172085 1992 71
12788789701 1992 72
12886732429 1992 73
14200745630 1992 74
13699711844 1992 75
13494301997 1992 76
11955509041 1992 77
12522692893 1992 78
13900238799 1992 79
12913064170 1993 40
13669006986 1993 41
12745953219 1993 42
13700145770 1993 43
12732068011 1993 44
13033573314 1993 45
13878439267 1993 46
13234183624 1993 47
12216872884 1993 48
12846153574 1993 49
13319472884 1993 50
12656867131 1993 51
12958664957 1993 52
12996106178 1993 53
13749400474 1993 54
13156279495 1993 55
14133397051 1993 56
13300752041 1993 57
13188526927 1993 58
13151060231 1993 59
13520271743 1993 60
13204649517 1993 61
12611021328 1993 62
13706017203 1993 63
13193613398 1993 64
13364868408 1993 65
12526434796 1993 66
13885781315 1993 67
12645170012 1993 68
12882547721 1993 69
13242258104 1993 70
14625381340 1993 71
13028652414 1993 72
13523711079 1993 73
13980638401 1993 74
13835021719 1993 75
13741524787 1993 76
11844760060 1993 77
12403455915 1993 78
13728834792 1993 79
13015507995 1994 40
13686460859 1994 41
12902018098 1994 42
13372816683 1994 43
13113458783 1994 44
12443110357 1994 45
13197254501 1994 46
13561334546 1994 47
12215960647 1994 48
13415972840 1994 49
13796394107 1994 50
13066189489 1994 51
13171981606 1994 52
13014609731 1994 53
13505619415 1994 54
13154008183 1994 55
13993249029 1994 56
13447685058 1994 57
12786720187 1994 58
12816274355 1994 59
13701914320 1994 60
12973502122 1994 61
12097673606 1994 62
14158613987 1994 63
13367339460 1994 64
13592369907 1994 65
12688300755 1994 66
13929240610 1994 67
12578247606 1994 68
12894203129 1994 69
12881299936 1994 70
14986840428 1994 71
13258835859 1994 72
13282162516 1994 73
13523371719 1994 74
14052867150 1994 75
13824154900 1994 76
11911167126 1994 77
12650040050 1994 78
13874852324 1994 79
12548988553 1995 40
13596382674 1995 41
13107036842 1995 42
13677989398 1995 43
13193092677 1995 44
12934183160 1995 45
13113323851 1995 46
13642471572 1995 47
12284711598 1995 48
13298369956 1995 49
13620817848 1995 50
12610662225 1995 51
13292941078 1995 52
13449826225 1995 53
13210454604 1995 54
13281112431 1995 55
13965326980 1995 56
13456838120 1995 57
12636008879 1995 58
13263424971 1995 59
13880780596 1995 60
13067280967 1995 61
12522080131 1995 62
13648591095 1995 63
13489508329 1995 64
13692206761 1995 65
12819880503 1995 66
14290014609 1995 67
12684929098 1995 68
12456838286 1995 69
13065298087 1995 70
14027053523 1995 71
12626335379 1995 72
12935669993 1995 73
13565017652 1995 74
13373311601 1995 75
14124141780 1995 76
11700287744 1995 77
12414542998 1995 78
13971716794 1995 79
12964290247 1996 40
14000988039 1996 41
12868757234 1996 42
13662170114 1996 43
12971867897 1996 44
12691828718 1996 45
13418126236 1996 46
13561233656 1996 47
12402579373 1996 48
13069002816 1996 49
14394514059 1996 50
12765635985 1996 51
13152629772 1996 52
12874185514 1996 53
13724762331 1996 54
13424153649 1996 55
13945542686 1996 56
13821368995 1996 57
12646017203 1996 58
12997436256 1996 59
13483832998 1996 60
12786027627 1996 61
12246975901 1996 62
14246722137 1996 63
13289035563 1996 64
13471416801 1996 65
12633157628 1996 66
13856331507 1996 67
12380696263 1996 68
12584005428 1996 69
13171910923 1996 70
14770510635 1996 71
12923797345 1996 72
12893178255 1996 73
14348335024 1996 74
13657838112 1996 75
14084638477 1996 76
11883879165 1996 77
12988292013 1996 78
14042075637 1996 79
12623446461 1997 40
13686592704 1997 41
13013892507 1997 42
13443891456 1997 43
12531582164 1997 44
12522657980 1997 45
13585159821 1997 46
13327530904 1997 47
12342724100 1997 48
13032236479 1997 49
13956119522 1997 50
12579772347 1997 51
13165240844 1997 52
13053150144 1997 53
13594352209 1997 54
13434552589 1997 55
14014730316 1997 56
13310005662 1997 57
13292211404 1997 58
12992165647 1997 59
13493962072 1997 60
12868103937 1997 61
12336876930 1997 62
14299976456 1997 63
13318244222 1997 64
13197280677 1997 65
12673413775 1997 66
14214738649 1997 67
12636639801 1997 68
12877479781 1997 69
13171392743 1997 70
14750894849 1997 71
12863032096 1997 72
12983888218 1997 73
13858359345 1997 74
13426990989 1997 75
14121908843 1997 76
11549152306 1997 77
12256110417 1997 78
13676437251 1997 79
7569438418 1998 40
8134382920 1998 41
7778915813 1998 42
7947399165 1998 43
7672739882 1998 44
7369144299 1998 45
8001904207 1998 46
7461073797 1998 47
6974038529 1998 48
7792556928 1998 49
8043490596 1998 50
7196701222 1998 51
7981049903 1998 52
7605825009 1998 53
7967087557 1998 54
7543542956 1998 55
8108839661 1998 56
7637530413 1998 57
7426254540 1998 58
7519265629 1998 59
8071181260 1998 60
7599263148 1998 61
7366631661 1998 62
8255157765 1998 63
7761197600 1998 64
8380750746 1998 65
7176752842 1998 66
8540908992 1998 67
7732826860 1998 68
7253373114 1998 69
7615184866 1998 70
8504193275 1998 71
7649719262 1998 72
7631093646 1998 73
8094634731 1998 74
8354429462 1998 75
8119344863 1998 76
6755380305 1998 77
7397451291 1998 78
8331229217 1998 79
