1997 1 0 20633150130
1997 1 1 20911142211
1997 1 2 20751352336
1997 1 3 20725587334
1997 1 4 20847465627
1997 1 5 20249876951
1997 1 6 21302749143
1997 1 7 20495067091
1997 1 8 20640513738
1997 1 9 20581166907
1997 2 0 20336534391
1997 2 1 19878221181
1997 2 2 19800437055
1997 2 3 19931925060
1997 2 4 19816491706
1997 2 5 19805847607
1997 2 6 20195348769
1997 2 7 20074204925
1997 2 8 19665389566
1997 2 9 19802289453
1997 3 0 20993920907
1997 3 1 20788212732
1997 3 2 20582154083
1997 3 3 20362070872
1997 3 4 21019323130
1997 3 5 20628385631
1997 3 6 21051367486
1997 3 7 21246059063
1997 3 8 20899413741
1997 3 9 20371722143
1997 17 0 20123262396
1997 17 1 20435195199
1997 17 2 20644146457
1997 17 3 20792194518
1997 17 4 20257979054
1997 17 5 20161248985
1997 17 6 20485090615
1997 17 7 20348873210
1997 17 8 20678352774
1997 17 9 20765819746
1997 24 0 20724850604
1997 24 1 20017511699
1997 24 2 21016131045
1997 24 3 20014491295
1997 24 4 20196560991
1997 24 5 20531748627
1997 24 6 20882575322
1997 24 7 21070136590
1997 24 8 20257501400
1997 24 9 20251954880
1998 1 0 12288150848
1998 1 1 12150903556
1998 1 2 12253619754
1998 1 3 11761221854
1998 1 4 12044241064
1998 1 5 12549693537
1998 1 6 12128760181
1998 1 7 12047927880
1998 1 8 12335758706
1998 1 9 11979080219
1998 2 0 11647118611
1998 2 1 11765031850
1998 2 2 11539651912
1998 2 3 11728424691
1998 2 4 12047145706
1998 2 5 11782460918
1998 2 6 11756056270
1998 2 7 11547114917
1998 2 8 12102760874
1998 2 9 12136894531
1998 3 0 12053393754
1998 3 1 12283529601
1998 3 2 12468524366
1998 3 3 12417969344
1998 3 4 12783220814
1998 3 5 11846843793
1998 3 6 12420965086
1998 3 7 11510243336
1998 3 8 12403564192
1998 3 9 12021045203
1998 17 0 11920946766
1998 17 1 11722265770
1998 17 2 11830328247
1998 17 3 12277764929
1998 17 4 11685309770
1998 17 5 11570486758
1998 17 6 12064845586
1998 17 7 12029816559
1998 17 8 11840207053
1998 17 9 11605382452
1998 24 0 12111987890
1998 24 1 12153958363
1998 24 2 12111547473
1998 24 3 12164432343
1998 24 4 12163317594
1998 24 5 11771585140
1998 24 6 12426045879
1998 24 7 12062197640
1998 24 8 11953726571
1998 24 9 12263410706
