231 235 1992 1178335603
231 231 1992 1052597356
235 231 1992 1026260086
235 235 1992 973349994
235 235 1993 1083378728
235 231 1993 1043169947
231 235 1993 965639669
231 231 1993 918452812
235 235 1994 1260730803
231 235 1994 1081071702
231 231 1994 1020245194
235 231 1994 863514969
231 235 1995 1124054660
235 235 1995 1068365947
235 231 1995 1040392678
231 231 1995 1039336005
231 235 1996 1062077548
235 235 1996 958571109
235 231 1996 940597740
231 231 1996 874229030
231 235 1997 1163355766
231 231 1997 982350529
235 235 1997 949314641
235 231 1997 785895247
