1992 1 208179700969
1992 2 204488053071
1992 3 203336305458
1992 17 204266160069
1992 24 205324229969
1993 1 208730514474
1993 2 204610968748
1993 3 204193040373
1993 17 207492038436
1993 24 207279892546
1994 1 207864867812
1994 2 203341322224
1994 3 204655182002
1994 17 205809009046
1994 24 207979002681
1995 1 206092224779
1995 2 205814228886
1995 3 202264817676
1995 17 203738062740
1995 24 204600944705
1996 1 207045716651
1996 2 204110852525
1996 3 204440314391
1996 17 206269369096
1996 24 205300750652
1997 1 208432142995
1997 2 203697110611
1997 3 202650865955
1997 17 205270735783
1997 24 203992161032
1998 1 121349610915
1998 2 119911203238
1998 3 120487370652
1998 17 119687214282
1998 24 120095481770
