1997 240 120 30956240
1997 240 121 63313138
1997 240 122 44597556
1997 240 123 47493656
1997 240 124 31098049
1997 240 125 47855826
1997 240 126 23794015
1997 240 127 50403711
1997 240 128 69821595
1997 240 129 38304133
1997 240 130 73692623
1997 240 131 18657573
1997 240 132 40395381
1997 240 133 17466535
1997 240 134 64903544
1997 240 135 34338512
1997 240 136 58867993
1997 240 137 43734801
1997 240 138 85293806
1997 240 139 58759857
1997 240 140 25324881
1997 240 141 48112110
1997 240 142 31927216
1997 240 143 70800553
1997 240 144 37429824
1997 240 145 69085169
1997 240 146 51459274
1997 240 147 37766782
1997 240 148 43739949
1997 240 149 41439296
1997 240 150 99388594
1997 240 151 42718892
1997 240 152 41084717
1997 240 153 71635319
1997 240 154 40923346
1997 240 155 52735130
1997 240 156 52601355
1997 240 157 28456163
1997 240 158 48355699
1997 240 159 27808647
1997 241 120 61967457
1997 241 121 50539176
1997 241 122 56373269
1997 241 123 78603146
1997 241 124 66206526
1997 241 125 61407600
1997 241 126 37168409
1997 241 127 63440967
1997 241 128 55661850
1997 241 129 51878079
1997 241 130 20647172
1997 241 131 38332233
1997 241 132 57982841
1997 241 133 58049862
1997 241 134 16243563
1997 241 135 39989915
1997 241 136 39308851
1997 241 137 45523427
1997 241 138 52984579
1997 241 139 64133675
1997 241 140 18302559
1997 241 141 72940248
1997 241 142 31431357
1997 241 143 62937155
1997 241 144 73283382
1997 241 145 70094740
1997 241 146 53155236
1997 241 147 20303599
1997 241 148 39231945
1997 241 149 45925307
1997 241 150 23878713
1997 241 151 28043329
1997 241 152 24059804
1997 241 153 57317440
1997 241 154 48556057
1997 241 155 60644627
1997 241 156 35610628
1997 241 157 35039039
1997 241 158 40917368
1997 241 159 69571389
1997 242 120 40264605
1997 242 121 38146197
1997 242 122 23025497
1997 242 123 33383957
1997 242 124 35565848
1997 242 125 17267442
1997 242 126 33527624
1997 242 127 32683766
1997 242 128 29424601
1997 242 129 60491009
1997 242 130 54906356
1997 242 131 56233362
1997 242 132 22367479
1997 242 133 72330533
1997 242 134 22080326
1997 242 135 30155275
1997 242 136 33923384
1997 242 137 24631312
1997 242 138 33323078
1997 242 139 33091439
1997 242 140 29072146
1997 242 141 29222249
1997 242 142 33809716
1997 242 143 68455988
1997 242 144 32161579
1997 242 145 32721537
1997 242 146 45876850
1997 242 147 42309314
1997 242 148 41828120
1997 242 149 40588538
1997 242 150 31633930
1997 242 151 48938682
1997 242 152 51266368
1997 242 153 59686755
1997 242 154 30175732
1997 242 155 49280504
1997 242 156 50574118
1997 242 157 28302030
1997 242 158 14662389
1997 242 159 65014511
1997 243 120 59777755
1997 243 121 47623570
1997 243 122 20528645
1997 243 123 40383479
1997 243 124 81211046
1997 243 125 55461871
1997 243 126 39820519
1997 243 127 25802784
1997 243 128 47022500
1997 243 129 28712750
1997 243 130 103893278
1997 243 131 41645696
1997 243 132 46336398
1997 243 133 42890919
1997 243 134 56403917
1997 243 135 67422371
1997 243 136 32896050
1997 243 137 41948837
1997 243 138 77927092
1997 243 139 40402524
1997 243 140 48689627
1997 243 141 59919577
1997 243 142 30416276
1997 243 143 72371264
1997 243 144 41258266
1997 243 145 54961154
1997 243 146 69031950
1997 243 147 51364399
1997 243 148 55797052
1997 243 149 63018184
1997 243 150 56384520
1997 243 151 53346859
1997 243 152 53356469
1997 243 153 38755207
1997 243 154 51412501
1997 243 155 34084058
1997 243 156 41569126
1997 243 157 45832949
1997 243 158 49298126
1997 243 159 55621828
1997 244 120 44799473
1997 244 121 68316433
1997 244 122 57008015
1997 244 123 26916334
1997 244 124 83505766
1997 244 125 51244224
1997 244 126 35155003
1997 244 127 63818405
1997 244 128 83640148
1997 244 129 28328285
1997 244 130 61615137
1997 244 131 53557139
1997 244 132 65558123
1997 244 133 57743125
1997 244 134 22072928
1997 244 135 45283065
1997 244 136 67923132
1997 244 137 43570125
1997 244 138 37997625
1997 244 139 68754978
1997 244 140 24900392
1997 244 141 79277036
1997 244 142 53058678
1997 244 143 41308561
1997 244 144 70919744
1997 244 145 37317622
1997 244 146 44530547
1997 244 147 97037997
1997 244 148 27594056
1997 244 149 41751895
1997 244 150 67945191
1997 244 151 25211387
1997 244 152 59692286
1997 244 153 63790319
1997 244 154 66449586
1997 244 155 55866833
1997 244 156 72089269
1997 244 157 35467297
1997 244 158 60146931
1997 244 159 20680804
1997 245 120 67475688
1997 245 121 72918881
1997 245 122 58141226
1997 245 123 47768893
1997 245 124 33681965
1997 245 125 62220180
1997 245 126 36833695
1997 245 127 35628468
1997 245 128 37485863
1997 245 129 40523668
1997 245 130 32645950
1997 245 131 44820544
1997 245 132 44054383
1997 245 133 31362802
1997 245 134 48160849
1997 245 135 41560629
1997 245 136 31142505
1997 245 137 55108437
1997 245 138 36722737
1997 245 139 47012769
1997 245 140 38383578
1997 245 141 47427440
1997 245 142 34772761
1997 245 143 25599088
1997 245 144 53502503
1997 245 145 40757746
1997 245 146 50876786
1997 245 147 50077255
1997 245 148 28727955
1997 245 149 47775796
1997 245 150 50469463
1997 245 151 42982472
1997 245 152 49448902
1997 245 153 92372342
1997 245 154 77886941
1997 245 155 59591384
1997 245 156 74863878
1997 245 157 46555795
1997 245 158 71980945
1997 245 159 53170799
1997 246 120 77856883
1997 246 121 48393087
1997 246 122 55985836
1997 246 123 84696914
1997 246 124 31473521
1997 246 125 65263101
1997 246 126 26321584
1997 246 127 63289560
1997 246 128 83863409
1997 246 129 53366970
1997 246 130 55140886
1997 246 131 51878886
1997 246 132 57637490
1997 246 133 49435419
1997 246 134 52772700
1997 246 135 47329194
1997 246 136 43082383
1997 246 137 67185383
1997 246 138 29442646
1997 246 139 77987351
1997 246 140 49971001
1997 246 141 44919970
1997 246 142 83896648
1997 246 143 44120254
1997 246 144 64489002
1997 246 145 61161385
1997 246 146 44790124
1997 246 147 68699986
1997 246 148 54767294
1997 246 149 70117987
1997 246 150 47563842
1997 246 151 40555284
1997 246 152 76083439
1997 246 153 35726588
1997 246 154 31893282
1997 246 155 31317320
1997 246 156 30527044
1997 246 157 51440199
1997 246 158 50361588
1997 246 159 53254385
1997 247 120 64780551
1997 247 121 34704887
1997 247 122 41838096
1997 247 123 68070750
1997 247 124 55027951
1997 247 125 62493401
1997 247 126 40929425
1997 247 127 84702600
1997 247 128 55272529
1997 247 129 41254032
1997 247 130 42607878
1997 247 131 23257655
1997 247 132 32282733
1997 247 133 43449842
1997 247 134 45846439
1997 247 135 39675627
1997 247 136 62778038
1997 247 137 47351195
1997 247 138 67999467
1997 247 139 37118637
1997 247 140 53133929
1997 247 141 48017727
1997 247 142 55488332
1997 247 143 33059367
1997 247 144 42034508
1997 247 145 67813312
1997 247 146 65165629
1997 247 147 52953824
1997 247 148 44768219
1997 247 149 50213070
1997 247 150 91061323
1997 247 151 52452174
1997 247 152 75452226
1997 247 153 49392842
1997 247 154 61542568
1997 247 155 60270573
1997 247 156 45907094
1997 247 157 59882698
1997 247 158 17947155
1997 247 159 39010018
1997 248 120 37199806
1997 248 121 74053285
1997 248 122 71000868
1997 248 123 83709435
1997 248 124 52458107
1997 248 125 63593262
1997 248 126 48679117
1997 248 127 53333992
1997 248 128 51098027
1997 248 129 45694294
1997 248 130 49195399
1997 248 131 69358077
1997 248 132 39886412
1997 248 133 43068924
1997 248 134 40618540
1997 248 135 56530978
1997 248 136 79627894
1997 248 137 46381120
1997 248 138 37096606
1997 248 139 76959527
1997 248 140 35042287
1997 248 141 41872595
1997 248 142 55057352
1997 248 143 62431730
1997 248 144 43272305
1997 248 145 59241562
1997 248 146 51685690
1997 248 147 74167740
1997 248 148 80994941
1997 248 149 39475606
1997 248 150 59458458
1997 248 151 49551678
1997 248 152 53174392
1997 248 153 67790703
1997 248 154 77566311
1997 248 155 65339958
1997 248 156 34082116
1997 248 157 46983568
1997 248 158 25940085
1997 248 159 47534142
1997 249 120 96119501
1997 249 121 61495774
1997 249 122 22228206
1997 249 123 57831778
1997 249 124 69291027
1997 249 125 31248685
1997 249 126 26445870
1997 249 127 42780269
1997 249 128 68668232
1997 249 129 66176296
1997 249 130 28394483
1997 249 131 31104521
1997 249 132 51588038
1997 249 133 41665842
1997 249 134 80688351
1997 249 135 83597004
1997 249 136 34305737
1997 249 137 58449583
1997 249 138 50707957
1997 249 139 35317713
1997 249 140 64668758
1997 249 141 68677089
1997 249 142 56207057
1997 249 143 45189352
1997 249 144 34973630
1997 249 145 75918931
1997 249 146 62377514
1997 249 147 51157728
1997 249 148 86167207
1997 249 149 69141938
1997 249 150 68514695
1997 249 151 68014235
1997 249 152 67375235
1997 249 153 37113335
1997 249 154 47230727
1997 249 155 46937596
1997 249 156 55092299
1997 249 157 43876759
1997 249 158 27969816
1997 249 159 28936119
1998 240 120 52169320
1998 240 121 43156811
1998 240 122 30780876
1998 240 123 50850985
1998 240 124 25997025
1998 240 125 13399309
1998 240 126 33149018
1998 240 127 32812465
1998 240 128 21511995
1998 240 129 29946092
1998 240 130 46594123
1998 240 131 34362954
1998 240 132 16607375
1998 240 133 16703249
1998 240 134 24068867
1998 240 135 30259750
1998 240 136 21845750
1998 240 137 22278544
1998 240 138 43344773
1998 240 139 24061503
1998 240 140 52274057
1998 240 141 36497166
1998 240 142 28365059
1998 240 143 37418164
1998 240 144 3351099
1998 240 145 13130282
1998 240 146 23616285
1998 240 147 41805417
1998 240 148 60529362
1998 240 149 31453948
1998 240 150 24600623
1998 240 151 35456672
1998 240 152 27226221
1998 240 153 33849533
1998 240 154 83800010
1998 240 155 22491845
1998 240 156 24827019
1998 240 157 20805588
1998 240 158 18539113
1998 240 159 60661470
1998 241 120 2906339
1998 241 121 25263996
1998 241 122 35374078
1998 241 123 37023523
1998 241 124 31959205
1998 241 125 19081686
1998 241 126 44657550
1998 241 127 40130508
1998 241 128 17341583
1998 241 129 12365706
1998 241 130 36042916
1998 241 131 22404571
1998 241 132 32889981
1998 241 133 34452213
1998 241 134 32465516
1998 241 135 14617724
1998 241 136 63028409
1998 241 137 38724431
1998 241 138 27233260
1998 241 139 16642779
1998 241 140 31422257
1998 241 141 6809118
1998 241 142 6041486
1998 241 143 35939682
1998 241 144 42449362
1998 241 145 20069627
1998 241 146 30760522
1998 241 147 31939704
1998 241 148 2838937
1998 241 149 34278067
1998 241 150 28054781
1998 241 151 15998278
1998 241 152 13860987
1998 241 153 21518304
1998 241 154 42519666
1998 241 155 43656066
1998 241 156 6482045
1998 241 157 24334685
1998 241 158 14390428
1998 241 159 57584628
1998 242 120 28316884
1998 242 121 30680568
1998 242 122 25253097
1998 242 123 11886310
1998 242 124 24630716
1998 242 125 17457805
1998 242 126 46812704
1998 242 127 21703078
1998 242 128 34694648
1998 242 129 10227273
1998 242 130 33035870
1998 242 131 17298308
1998 242 132 15904803
1998 242 133 10846583
1998 242 134 29238297
1998 242 135 19991955
1998 242 136 34840266
1998 242 137 24241336
1998 242 138 29676607
1998 242 139 26144738
1998 242 140 41573661
1998 242 141 26838645
1998 242 142 21871768
1998 242 143 38365990
1998 242 144 20203264
1998 242 145 41394353
1998 242 146 9680026
1998 242 147 37306865
1998 242 148 11261913
1998 242 149 33919046
1998 242 150 36601424
1998 242 151 24213764
1998 242 152 4051056
1998 242 153 26321578
1998 242 154 25870348
1998 242 155 40306694
1998 242 156 39516200
1998 242 157 34171813
1998 242 158 25002176
1998 242 159 16465538
1998 243 120 50254198
1998 243 121 50897498
1998 243 122 39454136
1998 243 123 37484867
1998 243 124 49173754
1998 243 125 30543017
1998 243 126 22671839
1998 243 127 16166910
1998 243 128 13637526
1998 243 129 29475448
1998 243 130 19018881
1998 243 131 27062442
1998 243 132 22195035
1998 243 133 57354171
1998 243 134 34186896
1998 243 135 24296499
1998 243 136 50711620
1998 243 137 19157339
1998 243 138 43505104
1998 243 139 48230738
1998 243 140 4816873
1998 243 141 30141520
1998 243 142 27480752
1998 243 143 27569531
1998 243 144 42859776
1998 243 145 25213816
1998 243 146 20192224
1998 243 147 28802380
1998 243 148 43460760
1998 243 149 46632158
1998 243 150 40436388
1998 243 151 34790127
1998 243 152 23662267
1998 243 153 43714999
1998 243 154 36001790
1998 243 155 43995995
1998 243 156 15249420
1998 243 157 34220421
1998 243 158 58628543
1998 243 159 45603728
1998 244 120 32470928
1998 244 121 25446351
1998 244 122 35496626
1998 244 123 17124171
1998 244 124 79483167
1998 244 125 25115904
1998 244 126 22797129
1998 244 127 40332880
1998 244 128 1321573
1998 244 129 14467911
1998 244 130 22113931
1998 244 131 40199884
1998 244 132 44372859
1998 244 133 56760103
1998 244 134 22138791
1998 244 135 59772595
1998 244 136 13508658
1998 244 137 8019962
1998 244 138 14136090
1998 244 139 42236458
1998 244 140 28345895
1998 244 141 15157418
1998 244 142 37988691
1998 244 143 22694526
1998 244 144 15514841
1998 244 145 41775173
1998 244 146 41729918
1998 244 147 17592403
1998 244 148 34023934
1998 244 149 10850235
1998 244 150 36308086
1998 244 151 27963291
1998 244 152 11594735
1998 244 153 29041661
1998 244 154 31415548
1998 244 155 36676374
1998 244 156 20110156
1998 244 157 25179424
1998 244 158 46986220
1998 244 159 45847023
1998 245 120 13744678
1998 245 121 16423798
1998 245 122 40580971
1998 245 123 13814842
1998 245 124 16997392
1998 245 125 24673449
1998 245 126 34273565
1998 245 127 20831617
1998 245 128 51971771
1998 245 129 25674153
1998 245 130 39742780
1998 245 131 25385082
1998 245 132 19019536
1998 245 133 10327556
1998 245 134 16289529
1998 245 135 31432759
1998 245 136 35065495
1998 245 137 21436265
1998 245 138 7659407
1998 245 139 50057594
1998 245 140 39038105
1998 245 141 61306977
1998 245 142 27909288
1998 245 143 46835592
1998 245 144 14449341
1998 245 145 16510007
1998 245 146 24216684
1998 245 147 31661997
1998 245 148 11559089
1998 245 149 25978665
1998 245 150 53351748
1998 245 151 29265154
1998 245 152 36454061
1998 245 153 35596104
1998 245 154 38405665
1998 245 155 29756502
1998 245 156 17830451
1998 245 157 30456319
1998 245 158 31920720
1998 245 159 41813256
1998 246 120 36053427
1998 246 121 57385681
1998 246 122 36296776
1998 246 123 19294512
1998 246 124 32667279
1998 246 125 25428509
1998 246 126 39490852
1998 246 127 66119033
1998 246 128 45257806
1998 246 129 28890456
1998 246 130 24713135
1998 246 131 22441473
1998 246 132 48234939
1998 246 133 43805172
1998 246 134 11647869
1998 246 135 16030955
1998 246 136 43804010
1998 246 137 20857141
1998 246 138 52503057
1998 246 139 23820545
1998 246 140 33140087
1998 246 141 45715081
1998 246 142 22608613
1998 246 143 48113085
1998 246 144 47408631
1998 246 145 49498978
1998 246 146 14079396
1998 246 147 42270281
1998 246 148 26805056
1998 246 149 50163955
1998 246 150 42111310
1998 246 151 22620782
1998 246 152 26226082
1998 246 153 26267777
1998 246 154 24215366
1998 246 155 8367555
1998 246 156 36617925
1998 246 157 40543691
1998 246 158 36112237
1998 246 159 32400787
1998 247 120 15326552
1998 247 121 17423479
1998 247 122 37029360
1998 247 123 5986466
1998 247 124 28521508
1998 247 125 29879480
1998 247 126 9733603
1998 247 127 41543212
1998 247 128 34540142
1998 247 129 40729627
1998 247 130 41780446
1998 247 131 28074885
1998 247 132 42346169
1998 247 133 17442609
1998 247 134 36085930
1998 247 135 20668577
1998 247 136 53340416
1998 247 137 22989907
1998 247 138 22007394
1998 247 139 57090957
1998 247 140 22059677
1998 247 141 32307739
1998 247 142 42142758
1998 247 143 37513281
1998 247 144 23680305
1998 247 145 33381372
1998 247 146 34502767
1998 247 147 28369167
1998 247 148 14041989
1998 247 149 19463294
1998 247 150 28706948
1998 247 151 20429282
1998 247 152 16531420
1998 247 153 74885460
1998 247 154 23882646
1998 247 155 30227477
1998 247 156 44340282
1998 247 157 20720776
1998 247 158 38302804
1998 247 159 37707147
1998 248 120 39658454
1998 248 121 26159925
1998 248 122 40538001
1998 248 123 14397783
1998 248 124 29568104
1998 248 125 34613912
1998 248 126 26894355
1998 248 127 42332972
1998 248 128 24633318
1998 248 129 17641655
1998 248 130 35928913
1998 248 131 38254382
1998 248 132 34831447
1998 248 133 17671884
1998 248 134 20858032
1998 248 135 52067962
1998 248 136 13507628
1998 248 137 17794144
1998 248 138 8521683
1998 248 139 23219217
1998 248 140 21028563
1998 248 141 39820770
1998 248 142 43498322
1998 248 143 42914797
1998 248 144 49260888
1998 248 145 48719541
1998 248 146 27211192
1998 248 147 41432742
1998 248 148 23740398
1998 248 149 26684136
1998 248 150 44762985
1998 248 151 47186715
1998 248 152 39364651
1998 248 153 51295707
1998 248 154 30288883
1998 248 155 41814289
1998 248 156 42085244
1998 248 157 25231409
1998 248 158 41981439
1998 248 159 11742768
1998 249 120 20321674
1998 249 121 23060769
1998 249 122 25780426
1998 249 123 29426578
1998 249 124 34401327
1998 249 125 17769916
1998 249 126 29189337
1998 249 127 40218887
1998 249 128 11291245
1998 249 129 33704680
1998 249 130 14286318
1998 249 131 40073304
1998 249 132 6984423
1998 249 133 50032738
1998 249 134 48189176
1998 249 135 24761014
1998 249 136 31837321
1998 249 137 10704856
1998 249 138 22333429
1998 249 139 50236153
1998 249 140 26284791
1998 249 141 8469463
1998 249 142 40592518
1998 249 143 17319813
1998 249 144 26788660
1998 249 145 17857168
1998 249 146 25641073
1998 249 147 42783969
1998 249 148 34871985
1998 249 149 21997325
1998 249 150 27960628
1998 249 151 28182893
1998 249 152 41276316
1998 249 153 34654678
1998 249 154 38886317
1998 249 155 34929064
1998 249 156 27459240
1998 249 157 17710138
1998 249 158 22523986
1998 249 159 17959763
